1.01
0.993119
0.998963
1.00713
0.988904
1.00378
0.999481
0.987673
1.00475
0.989521
0.988881
1.00019
0.980137
0.990321
0.990207
0.973376
0.9891
0.976729
0.96955
0.982903
0.962622
0.967099
0.971019
0.950449
0.963284
0.954652
0.941352
0.95539
0.936403
0.934554
0.941925
0.919133
0.927706
0.923278
0.904714
0.917929
0.901559
0.893221
0.903077
0.879681
0.882901
0.882694
0.86009
0.870957
0.858219
0.843704
0.854778
0.832367
0.829519
0.833103
0.807947
0.815063
0.806576
0.786646
0.797489
0.777484
0.768296
0.774837
0.74876
0.750967
0.746908
0.722715
0.731819
0.715363
0.700036
0.708369
0.683009
0.679499
0.679591
0.652585
0.658523
0.64638
0.625574
0.634316
0.611179
0.601571
0.605115
0.576921
0.578475
0.570978
0.545762
0.55343
0.533774
0.518151
0.524091
0.496381
0.492653
0.489675
0.461445
0.466594
0.451321
0.430234
0.437255
0.411608
0.402104
0.403084
0.373445
0.374801
0.364391
0.338814
0.345467
0.323239
0.307924
0.311915
0.282555
0.279133
0.273608
0.244866
0.249696
0.231916
0.211218
0.216984
0.189535
0.180729
0.179663
0.149325
0.151006
0.138294
0.113081
0.119209
0.0951143
0.0807619
0.0833216
0.0530748
0.050535
0.0430558
0.0145683
0.0195981
-2.96416e-016
-0.0195981
-0.0145683
-0.0430558
-0.050535
-0.0530748
-0.0833216
-0.0807619
-0.0951143
-0.119209
-0.113081
-0.138294
-0.151006
-0.149325
-0.179663
-0.180729
-0.189535
-0.216984
-0.211218
-0.231916
-0.249696
-0.244866
-0.273608
-0.279133
-0.282555
-0.311915
-0.307924
-0.323239
-0.345467
-0.338814
-0.364391
-0.374801
-0.373445
-0.403084
-0.402104
-0.411608
-0.437255
-0.430234
-0.451321
-0.466594
-0.461445
-0.489675
-0.492653
-0.496381
-0.524091
-0.518151
-0.533774
-0.55343
-0.545762
-0.570978
-0.578475
-0.576921
-0.605115
-0.601571
-0.611179
-0.634316
-0.625574
-0.64638
-0.658523
-0.652585
-0.679591
-0.679499
-0.683009
-0.708369
-0.700036
-0.715363
-0.731819
-0.722715
-0.746908
-0.750967
-0.74876
-0.774837
-0.768296
-0.777484
-0.797489
-0.786646
-0.806576
-0.815063
-0.807947
-0.833103
-0.829519
-0.832367
-0.854778
-0.843704
-0.858219
-0.870957
-0.86009
-0.882694
-0.882901
-0.879681
-0.903077
-0.893221
-0.901559
-0.917929
-0.904714
-0.923278
-0.927706
-0.919133
-0.941925
-0.934554
-0.936403
-0.95539
-0.941352
-0.954652
-0.963284
-0.950449
-0.971019
-0.967099
-0.962622
-0.982903
-0.96955
-0.976729
-0.9891
-0.973376
-0.990207
-0.990321
-0.980137
-1.00019
-0.988881
-0.989521
-1.00475
-0.987673
-0.999481
-1.00378
-0.988904
-1.00713
-0.998963
-0.993119
-1.01
-0.993119
-0.998963
-1.00713
-0.988904
-1.00378
-0.999481
-0.987673
-1.00475
-0.989521
-0.988881
-1.00019
-0.980137
-0.990321
-0.990207
-0.973376
-0.9891
-0.976729
-0.96955
-0.982903
-0.962622
-0.967099
-0.971019
-0.950449
-0.963284
-0.954652
-0.941352
-0.95539
-0.936403
-0.934554
-0.941925
-0.919133
-0.927706
-0.923278
-0.904714
-0.917929
-0.901559
-0.893221
-0.903077
-0.879681
-0.882901
-0.882694
-0.86009
-0.870957
-0.858219
-0.843704
-0.854778
-0.832367
-0.829519
-0.833103
-0.807947
-0.815063
-0.806576
-0.786646
-0.797489
-0.777484
-0.768296
-0.774837
-0.74876
-0.750967
-0.746908
-0.722715
-0.731819
-0.715363
-0.700036
-0.708369
-0.683009
-0.679499
-0.679591
-0.652585
-0.658523
-0.64638
-0.625574
-0.634316
-0.611179
-0.601571
-0.605115
-0.576921
-0.578475
-0.570978
-0.545762
-0.55343
-0.533774
-0.518151
-0.524091
-0.496381
-0.492653
-0.489675
-0.461445
-0.466594
-0.451321
-0.430234
-0.437255
-0.411608
-0.402104
-0.403084
-0.373445
-0.374801
-0.364391
-0.338814
-0.345467
-0.323239
-0.307924
-0.311915
-0.282555
-0.279133
-0.273608
-0.244866
-0.249696
-0.231916
-0.211218
-0.216984
-0.189535
-0.180729
-0.179663
-0.149325
-0.151006
-0.138294
-0.113081
-0.119209
-0.0951143
-0.0807619
-0.0833216
-0.0530748
-0.050535
-0.0430558
-0.0145683
-0.0195981
3.20813e-016
0.0195981
0.0145683
0.0430558
0.050535
0.0530748
0.0833216
0.0807619
0.0951143
0.119209
0.113081
0.138294
0.151006
0.149325
0.179663
0.180729
0.189535
0.216984
0.211218
0.231916
0.249696
0.244866
0.273608
0.279133
0.282555
0.311915
0.307924
0.323239
0.345467
0.338814
0.364391
0.374801
0.373445
0.403084
0.402104
0.411608
0.437255
0.430234
0.451321
0.466594
0.461445
0.489675
0.492653
0.496381
0.524091
0.518151
0.533774
0.55343
0.545762
0.570978
0.578475
0.576921
0.605115
0.601571
0.611179
0.634316
0.625574
0.64638
0.658523
0.652585
0.679591
0.679499
0.683009
0.708369
0.700036
0.715363
0.731819
0.722715
0.746908
0.750967
0.74876
0.774837
0.768296
0.777484
0.797489
0.786646
0.806576
0.815063
0.807947
0.833103
0.829519
0.832367
0.854778
0.843704
0.858219
0.870957
0.86009
0.882694
0.882901
0.879681
0.903077
0.893221
0.901559
0.917929
0.904714
0.923278
0.927706
0.919133
0.941925
0.934554
0.936403
0.95539
0.941352
0.954652
0.963284
0.950449
0.971019
0.967099
0.962622
0.982903
0.96955
0.976729
0.9891
0.973376
0.990207
0.990321
0.980137
1.00019
0.988881
0.989521
1.00475
0.987673
0.999481
1.00378
0.988904
1.00713
0.998963
0.993119
