2189.0000
2151.0236
2109.4639
2064.7980
2017.5446
1968.2367
1917.4176
1865.6273
1813.3866
1761.1873
1709.4838
1658.6858
1609.1545
1561.2008
1515.0847
1471.0177
1429.1650
1389.6497
1352.5573
1317.9404
1285.8235
1256.2077
1229.0750
1204.3927
1182.1165
1162.1940
1144.5672
1129.1748
1115.9543
1104.8433
1095.7806
1088.7074
1083.5677
1080.3092
1078.8830
1079.2443
1081.3522
1085.1697
1090.6635
1097.8041
1106.5651
1116.9233
1128.8582
1142.3517
1157.3874
1173.9506
1192.0276
1211.6050
1232.6697
1255.2077
1279.2037
1304.6406
1331.4986
1359.7544
1389.3805
1420.3439
1452.6060
1486.1205
1520.8332
1556.6805
1593.5882
1631.4702
1670.2274
1709.7464
1749.8982
1790.5368
1831.4981
1872.5989
1913.6360
1954.3854
1994.6021
2034.0201
2072.3526
2109.2938
2144.5200
2177.6926
2208.4617
2236.4702
2261.3599
2282.7773
2300.3819
2313.8542
2322.9048
2327.2840
2326.7911
2321.2835
2310.6849
2294.9916
2274.2772
2248.6948
2218.4764
2183.9291
2145.4284
2103.4095
2058.3553
2010.7835
1961.2323
1910.2463
1858.3628
1806.0993
1753.9431
1702.3425
1651.7006
1602.3719
1554.6600
1508.8180
1465.0508
1423.5174
1384.3355
1347.5857
1313.3164
1281.5484
1252.2802
1225.4913
1201.1472
1179.2023
1159.6032
1142.2915
1127.2055
1114.2827
1103.4607
1094.6787
1087.8782
1083.0038
1080.0034
1078.8289
1079.4359
1081.7841
1085.8371
1091.5620
1098.9299
1107.9148
1118.4938
1130.6469
1144.3562
1159.6056
1176.3805
1194.6673
1214.4528
1235.7236
1258.4656
1282.6634
1308.2996
1335.3538
1363.8022
1393.6166
1424.7634
1457.2028
1490.8877
1525.7625
1561.7622
1598.8109
1636.8210
1675.6914
1715.3066
1755.5352
1796.2289
1837.2209
1878.3253
1919.3361
1960.0263
2000.1480
2039.4322
2077.5895
2114.3112
2149.2717
2182.1305
2212.5362
2240.1314
2264.5580
2285.4641
2302.5113
2315.3839
2323.7974
2327.5085
2326.3239
2320.1099
2308.7999
2292.4007
2270.9971
2244.7531
2213.9116
2178.7895
2139.7715
2097.2999
2051.8635
2003.9835
1954.1999
1903.0572
1851.0906
1798.8139
1746.7094
1695.2195
1644.7407
1595.6204
1548.1552
1502.5913
1459.1270
1417.9153
1379.0683
1342.6621
1308.7407
1277.3217
1248.4006
1221.9548
1197.9480
1176.3334
1157.0567
1140.0589
1125.2782
1112.6518
1102.1177
1093.6153
1087.0865
1082.4762
1079.7331
1078.8094
1079.6613
1082.2492
1086.5370
1092.4925
1100.0872
1109.2955
1120.0950
1132.4660
1146.3907
1161.8535
1178.8399
1197.3363
1217.3295
1238.8061
1261.7519
1286.1513
1311.9863
1339.2362
1367.8767
1397.8789
1429.2083
1461.8242
1495.6783
1530.7139
1566.8645
1604.0526
1642.1889
1681.1702
1720.8790
1761.1816
1801.9271
1842.9463
1884.0503
1925.0303
1965.6565
2005.6779
2044.8227
2082.7987
2119.2948
2153.9829
2186.5209
2216.5563
2243.7312
2267.6880
2288.0760
2304.5597
2316.8270
2324.5987
2327.6378
2325.7589
2318.8371
2306.8158
2289.7124
2267.6226
2240.7218
2209.2633
2173.5739
2134.0471
2091.1324
2045.3238
1997.1462
1947.1409
1895.8518
1843.8120
1791.5315
1739.4873
1688.1158
1637.8069
1588.9008
1541.6871
1496.4052
1453.2467
1412.3588
1373.8483
1337.7864
1304.2134
1273.1433
1244.5689
1218.4656
1194.7952
1173.5098
1154.5544
1137.8693
1123.3926
1111.0615
1100.8141
1092.5901
1086.3319
1081.9848
1079.4980
1078.8243
1079.9204
1082.7473
1087.2693
1093.4549
1101.2758
1110.7072
1121.7268
1134.3153
1148.4553
1164.1312
1181.3287
1200.0345
1220.2352
1241.9174
1265.0667
1289.6672
1315.7006
1343.1458
1371.9779
1402.1671
1433.6784
1466.4698
1500.4921
1535.6872
1571.9872
1609.3130
1647.5734
1686.6634
1726.4633
1766.8369
1807.6310
1848.6736
1889.7732
1930.7180
1971.2753
2011.1911
2050.1908
2087.9794
2124.2434
2158.6525
2190.8629
2220.5211
2247.2687
2270.7487
2290.6122
2306.5262
2318.1828
2325.3080
2327.6715
2325.0958
2317.4651
2304.7327
2286.9270
2264.1545
2236.6017
2204.5324
2168.2835
2128.2566
2084.9083
2038.7378
1990.2730
1940.0565
1888.6315
1836.5285
1784.2534
1732.2780
1681.0326
1630.9001
1582.2139
1535.2563
1490.2600
1447.4102
1406.8483
1368.6757
1332.9590
1299.7345
1269.0132
1240.7851
1215.0234
1191.6885
1170.7313
1152.0959
1135.7224
1121.5485
1109.5115
1099.5497
1091.6031
1085.6144
1081.5295
1079.2981
1078.8736
1080.2132
1083.2783
1088.0340
1094.4491
1102.4958
1112.1498
1123.3891
1136.1948
1150.5497
1166.4385
1183.8470
1202.7619
1223.1698
1245.0573
1268.4098
1293.2111
1319.4426
1347.0826
1376.1057
1406.4813
1438.1736
1471.1396
1505.3290
1540.6823
1577.1301
1614.5919
1652.9744
1692.1708
1732.0590
1772.5007
1813.3400
1854.4023
1895.4934
1936.3985
1976.8819
2016.6868
2055.5357
2093.1309
2129.1563
2163.2797
2195.1556
2224.4295
2250.7429
2273.7393
2293.0717
2308.4101
2319.4506
2325.9248
2327.6092
2324.3344
2315.9938
2302.5509
2284.0448
2260.5932
2232.3935
2199.7201
2162.9193
2122.4012
2078.6291
2032.1069
1983.3655
1932.9484
1881.3977
1829.2413
1776.9808
1725.0826
1673.9706
1624.0211
1575.5602
1528.8633
1484.1563
1441.6180
1401.3839
1363.5505
1328.1797
1295.3041
1264.9313
1237.0490
1211.6282
1188.6279
1167.9978
1149.6813
1133.6181
1119.7458
1108.0018
1098.3244
1090.6540
1084.9338
1081.1102
1079.1333
1078.9571
1080.5394
1083.8422
1088.8309
1095.4750
1103.7471
1113.6232
1125.0820
1138.1045
1152.6741
1168.7755
1186.3947
1205.5184
1226.1334
1248.2259
1271.7813
1296.7830
1323.2122
1351.0465
1380.2600
1410.8213
1442.6938
1475.8335
1510.1887
1545.6989
1582.2931
1619.8889
1658.3915
1697.6918
1737.6657
1778.1725
1819.0537
1860.1320
1901.2103
1942.0711
1982.4756
2022.1643
2060.8565
2098.2521
2134.0325
2167.8635
2199.3979
2228.2805
2254.1527
2276.6589
2295.4538
2310.2105
2320.6296
2326.4485
2327.4504
2323.4744
2314.4232
2300.2705
2281.0663
2256.9394
2228.0981
2194.8272
2157.4826
2116.4823
2072.2961
2025.4325
1976.4250
1925.8179
1874.1519
1821.9518
1769.7149
1717.9022
1666.9310
1617.1708
1568.9405
1522.5087
1478.0944
1435.8703
1395.9660
1358.4729
1323.4486
1290.9220
1260.8976
1233.3605
1208.2798
1185.6131
1165.3090
1147.3104
1131.5563
1117.9844
1106.5321
1097.1380
1089.7428
1084.2900
1080.7268
1079.0035
1079.0748
1080.8991
1084.4388
1089.6600
1096.5326
1105.0296
1115.1275
1126.8053
1140.0444
1154.8283
1171.1420
1188.9717
1208.3040
1229.1258
1251.4231
1275.1810
1300.3829
1327.0092
1355.0374
1384.4407
1415.1871
1447.2388
1480.5512
1515.0712
1550.7368
1587.4757
1625.2039
1663.8244
1703.2263
1743.2832
1783.8519
1824.7715
1865.8619
1906.9233
1947.7351
1988.0558
2027.6227
2066.1524
2103.3422
2138.8711
2172.4028
2203.5890
2232.0733
2257.4973
2279.5064
2297.7574
2311.9267
2321.7193
2326.8784
2327.1948
2322.5156
2312.7533
2297.8917
2277.9918
2253.1936
2223.7163
2189.8549
2151.9745
2110.5011
2065.9107
2018.7161
1969.4532
1918.6665
1866.8953
1814.6613
1762.4571
1710.7379
1659.9147
1610.3499
1562.3556
1516.1931
1472.0749
1430.1674
1390.5947
1353.4431
1318.7659
1286.5884
1256.9121
1229.7195
1204.9782
1182.6441
1162.6649
1144.9829
1129.5368
1116.2641
1105.1023
1095.9903
1088.8692
1083.6829
1080.3790
1078.9086
1079.2266
1081.2922
1085.0682
1090.5213
1097.6218
1106.3433
1116.6626
1128.5590
1142.0144
1157.0124
1173.5382
1191.5781
1211.1188
1232.1470
1254.6488
1278.6090
1304.0106
1330.8337
1359.0553
1388.6477
1419.5784
1451.8087
1485.2926
1519.9762
1555.7959
1592.6779
1630.5365
1669.2728
1708.7738
1748.9109
1789.5385
1830.4930
1871.5916
1912.6318
1953.3899
1993.6216
2033.0612
2071.4226
2108.4003
2143.6711
2176.8969
2207.7277
2235.8068
2260.7757
2282.2811
2299.9818
2313.5578
2322.7189
2327.2143
2326.8420
2321.4579
2310.9840
2295.4148
2274.8220
2249.3567
2219.2490
2184.8041
2146.3962
2104.4590
2059.4744
2011.9592
1962.4515
1911.4957
1859.6295
1807.3710
1755.2083
1703.5907
1652.9225
1603.5593
1555.8059
1509.9169
1466.0981
1424.5096
1385.2702
1348.4611
1314.1316
1282.3032
1252.9746
1226.1260
1201.7232
1179.7207
1160.0653
1142.6987
1127.5594
1114.5847
1103.7123
1094.8813
1088.0332
1083.1124
1080.0669
1078.8483
1079.4123
1081.7185
1085.7301
1091.4146
1098.7425
1107.6881
1118.2284
1130.3432
1144.0145
1159.2263
1175.9639
1194.2138
1213.9626
1235.1970
1257.9030
1282.0652
1307.6661
1334.6856
1363.0999
1392.8809
1423.9952
1456.4031
1490.0576
1524.9035
1560.8759
1597.8994
1635.8864
1674.7363
1714.3340
1754.5485
1795.2317
1836.2176
1877.3206
1918.3351
1959.0349
1999.1723
2038.4791
2076.6662
2113.4255
2148.4317
2181.3446
2211.8131
2239.4800
2263.9869
2284.9818
2302.1261
2315.1031
2323.6278
2327.4554
2326.3916
2320.3011
2309.1156
2292.8400
2271.5571
2245.4292
2214.6971
2179.6760
2140.7490
2098.3573
2052.9885
2005.1632
1955.4212
1904.3068
1852.3557
1800.0823
1747.9699
1696.4616
1645.9554
1596.7997
1549.2923
1503.6808
1460.1644
1418.8973
1379.9927
1343.5271
1309.5456
1278.0663
1249.0851
1222.5799
1198.5146
1176.8427
1157.5101
1140.4577
1125.6239
1112.9460
1102.3618
1093.8107
1087.2345
1082.5782
1079.7902
1078.8227
1079.6319
1082.1779
1086.4246
1092.3398
1099.8948
1109.0640
1119.8249
1132.1576
1146.0446
1161.4699
1178.4191
1196.8787
1216.8354
1238.2758
1261.1857
1285.5495
1311.3495
1338.5649
1367.1714
1397.1404
1428.4374
1461.0220
1494.8461
1529.8530
1565.9767
1603.1399
1641.2534
1680.2147
1719.9065
1760.1954
1800.9311
1841.9447
1883.0481
1924.0326
1964.6692
2004.7072
2043.8755
2081.8823
2118.4170
2153.1518
2185.7450
2215.8443
2243.0919
2267.1300
2287.6079
2304.1894
2316.5619
2324.4453
2327.6014
2325.8435
2319.0452
2307.1480
2290.1676
2268.1978
2241.4119
2210.0615
2174.4716
2135.0342
2092.1975
2046.4546
1998.3297
1948.3640
1897.1014
1845.0754
1792.7965
1740.7429
1689.3518
1639.0143
1590.0718
1542.8152
1497.4851
1454.2742
1413.3307
1374.7623
1338.6412
1305.0081
1273.8778
1245.2435
1219.0810
1195.3524
1174.0101
1154.9990
1138.2597
1123.7303
1111.3480
1101.0508
1092.7785
1086.4732
1082.0803
1079.5489
1078.8316
1079.8853
1082.6704
1087.1516
1093.2970
1101.0785
1110.4708
1121.4520
1134.0024
1148.1047
1163.7433
1180.9039
1199.5729
1219.7372
1241.3833
1264.4969
1289.0620
1315.0605
1342.4713
1371.2696
1401.4258
1432.9049
1465.6653
1499.6578
1534.8245
1571.0979
1608.3991
1646.6372
1685.7076
1725.4909
1765.8514
1806.6363
1847.6740
1888.7736
1929.7237
1970.2921
2010.2255
2049.2496
2087.0701
2123.3736
2157.8305
2190.0972
2219.8203
2246.6417
2270.2040
2290.1583
2306.1710
2317.9335
2325.1709
2327.6518
2325.1972
2317.6899
2305.0813
2287.3980
2264.7446
2237.3056
2205.3431
2169.1921
2129.2529
2085.9808
2039.8740
1991.4600
1941.2812
1889.8808
1837.7898
1785.5148
1733.5285
1682.2621
1632.1000
1583.3765
1536.3754
1491.3303
1448.4278
1407.8099
1369.5794
1333.8034
1300.5190
1269.7376
1241.4498
1215.6292
1192.2365
1171.2226
1152.5319
1136.1045
1121.8782
1109.7904
1099.7791
1091.7844
1085.7489
1081.6186
1079.3428
1078.8750
1080.1723
1083.1959
1087.9109
1094.2861
1102.2935
1111.9086
1123.1097
1135.8774
1150.1948
1166.0464
1183.4180
1202.2963
1222.6680
1244.5196
1267.8364
1292.6025
1318.7992
1346.4050
1375.3944
1405.7372
1437.3976
1470.3328
1504.4926
1539.8178
1576.2394
1613.6769
1652.0375
1691.2147
1731.0868
1771.5160
1812.3467
1853.4048
1894.4965
1935.4077
1975.9031
2015.7265
2054.6007
2092.2286
2128.2947
2162.4669
2194.4001
2223.7401
2250.1282
2273.2080
2292.6321
2308.0700
2319.2171
2325.8040
2327.6061
2324.4526
2316.2352
2302.9158
2284.5314
2261.1981
2233.1110
2200.5430
2163.8386
2123.4064
2079.7086
2033.2482
1984.5557
1934.1744
1882.6465
1830.5003
1778.2383
1726.3278
1675.1937
1625.2135
1576.7144
1529.9733
1485.2170
1442.6255
1402.3354
1364.4439
1329.0138
1296.0783
1265.6458
1237.7039
1212.2245
1189.1666
1168.4802
1150.1087
1133.9920
1120.0677
1108.2730
1098.5465
1090.8283
1085.0617
1081.1928
1079.1719
1078.9526
1080.4928
1083.7543
1088.7026
1095.3069
1103.5399
1113.3773
1124.7979
1137.7827
1152.3148
1168.3792
1185.9616
1205.0489
1225.6277
1247.6844
1271.2043
1296.1710
1322.5655
1350.3658
1379.5458
1410.0745
1441.9152
1475.0243
1509.3503
1544.8327
1581.4009
1618.9729
1657.4540
1696.7356
1736.6939
1777.1887
1818.0618
1859.1366
1900.2163
1941.0839
1981.5013
2021.2092
2059.9278
2097.3571
2133.1792
2167.0600
2198.6529
2227.6026
2253.5505
2276.1410
2295.0285
2309.8855
2320.4120
2326.3440
2327.4639
2323.6093
2314.6812
2300.6516
2281.5684
2257.5588
2228.8290
2195.6621
2158.4123
2117.4961
2073.3824
2026.5787
1977.6182
1927.0449
1875.3999
1823.2083
1770.9684
1719.1419
1668.1474
1618.3554
1570.0863
1523.6095
1479.1455
1436.8678
1396.9073
1359.3560
1324.2725
1291.6862
1261.6021
1234.0057
1208.8667
1186.1427
1165.7826
1147.7293
1131.9220
1118.2984
1106.7958
1097.3528
1089.9101
1084.4113
1080.8030
1079.0359
1079.0644
1080.8469
1084.3455
1089.5265
1096.3594
1104.8175
1114.8769
1126.5167
1139.7181
1154.4648
1170.7416
1188.5346
1207.8306
1228.6163
1250.8779
1274.6006
1299.7674
1326.3593
1354.3536
1383.7236
1414.4375
1446.4578
1479.7398
1514.2308
1549.8690
1586.5822
1624.2868
1662.8863
1702.2700
1742.3118
1782.8690
1823.7812
1864.8687
1905.9322
1946.7517
1987.0860
2026.6731
2065.2301
2102.4546
2138.0262
2171.6089
2202.8544
2231.4069
2256.9078
2279.0022
2297.3466
2311.6169
2321.5175
2326.7903
2327.2250
2322.6672
2313.0278
2298.2888
2278.5094
2253.8275
2224.4604
2190.7016
2152.9143
2111.5233
2067.0035
2019.8669
1970.6491
1919.8943
1868.1423
1815.9151
1763.7063
1711.9720
1661.1242
1611.5267
1563.4927
1517.2846
1473.1163
1431.1549
1391.5258
1354.3160
1319.5796
1287.3424
1257.6066
1230.3551
1205.5557
1183.1646
1163.1297
1145.3933
1129.8944
1116.5703
1105.3585
1096.1980
1089.0297
1083.7976
1080.4489
1078.9349
1079.2104
1081.2343
1084.9695
1090.3825
1097.4436
1106.1263
1116.4073
1128.2658
1141.6837
1156.6446
1173.1336
1191.1370
1210.6415
1231.6338
1254.1000
1278.0250
1303.3918
1330.1806
1358.3684
1387.9277
1418.8262
1451.0252
1484.4790
1519.1338
1554.9264
1591.7831
1629.6185
1668.3342
1707.8174
1747.9400
1788.5566
1829.5043
1870.6008
1911.6438
1952.4103
1992.6565
2032.1172
2070.5068
2107.5203
2142.8348
2176.1125
2207.0038
2235.1521
2260.1989
2281.7905
2299.5855
2313.2634
2322.5330
2327.1425
2326.8888
2321.6262
2311.2750
2295.8278
2275.3547
2250.0047
2220.0061
2185.6623
2147.3459
2105.4893
2060.5734
2013.1143
1963.6497
1912.7240
1860.8751
1808.6219
1756.4531
1704.8190
1654.1251
1604.7282
1556.9343
1510.9992
1467.1297
1425.4871
1386.1911
1349.3237
1314.9351
1283.0472
1253.6593
1226.7520
1202.2913
1180.2321
1160.5214
1143.1008
1127.9089
1114.8831
1103.9611
1095.0819
1088.1869
1083.2205
1080.1305
1078.8686
1079.3903
1081.6550
1085.6261
1091.2706
1098.5594
1107.4663
1117.9684
1130.0455
1143.6794
1158.8542
1175.5552
1193.7687
1213.4814
1234.6801
1257.3507
1281.4778
1307.0440
1334.0293
1362.4101
1392.1582
1423.2404
1455.6172
1489.2419
1524.0593
1560.0049
1597.0033
1634.9676
1673.7973
1713.3777
1753.5781
1794.2510
1835.2306
1876.3321
1917.3502
1958.0592
1998.2120
2037.5408
2075.7571
2112.5532
2147.6040
2180.5699
2211.1001
2238.8371
2263.4229
2284.5050
2301.7445
2314.8241
2323.4578
2327.4001
2326.4550
2320.4860
2309.4228
2293.2688
2272.1049
2246.0912
2215.4669
2180.5454
2141.7083
2099.3955
2054.0935
2006.3224
1956.6215
1905.5354
1853.5998
1801.3301
1749.2100
1697.6840
1647.1509
1597.9606
1550.4119
1504.7537
1461.1862
1419.8648
1380.9034
1344.3795
1310.3389
1278.8003
1249.7600
1223.1963
1199.0735
1177.3452
1157.9575
1140.8515
1125.9655
1113.2368
1102.6033
1094.0042
1087.3815
1082.6798
1079.8476
1078.8371
1079.6042
1082.1089
1086.3153
1092.1908
1099.7067
1108.8373
1119.5603
1131.8554
1145.7052
1161.0937
1178.0063
1196.4297
1216.3504
1237.7552
1260.6298
1284.9587
1310.7241
1337.9054
1366.4786
1396.4148
1427.6800
1460.2338
1494.0282
1529.0070
1565.1041
1602.2427
1640.3338
1679.2754
1718.9503
1759.2257
1799.9516
1840.9597
1882.0621
1923.0510
1963.6976
2003.7519
2042.9430
2080.9799
2117.5523
2152.3329
2184.9802
2215.1422
2242.4610
2266.5789
2287.1449
2303.8225
2316.2983
2324.2914
2327.5624
2325.9235
2319.2465
2307.4714
2290.6121
2268.7604
2242.0878
2210.8438
2175.3521
2136.0028
2093.2431
2047.5652
1999.4926
1949.5661
1898.3299
1846.3177
1794.0408
1741.9782
1690.5680
1640.2026
1591.2246
1543.9260
1498.5486
1455.2862
1414.2881
1375.6629
1339.4834
1305.7913
1274.6018
1245.9087
1219.6879
1195.9021
1174.5037
1155.4378
1138.6452
1124.0639
1111.6311
1101.2850
1092.9650
1086.6134
1082.1755
1079.6002
1078.8401
1079.8518
1082.5960
1087.0370
1093.1429
1100.8854
1110.2395
1121.1828
1133.6958
1147.7610
1163.3629
1180.4870
1199.1199
1219.2484
1240.8590
1263.9374
1288.4677
1314.4318
1341.8088
1370.5738
1400.6975
1432.1450
1464.8748
1498.8379
1533.9767
1570.2238
1607.5008
1645.7169
1684.7680
1724.5348
1764.8824
1805.6581
1846.6909
1887.7903
1928.7455
1969.3247
2009.2752
2048.3231
2086.1746
2122.5169
2157.0206
2189.3424
2219.1292
2246.0228
2269.6660
2289.7093
2305.8189
2317.6854
2325.0330
2327.6292
2325.2937
2317.9077
2305.4209
2287.8580
2265.3219
2237.9950
2206.1377
2170.0833
2130.2306
2087.0337
2040.9900
1992.6263
1942.4849
1891.1091
1839.0301
1786.7555
1734.7587
1683.4721
1633.2810
1584.5211
1537.4772
1492.3844
1449.4300
1408.7573
1370.4697
1334.6355
1301.2921
1270.4517
1242.1053
1216.2267
1192.7770
1171.7073
1152.9622
1136.4818
1122.2040
1110.0660
1100.0060
1091.9640
1085.8825
1081.7074
1079.3880
1078.8775
1080.1332
1083.1160
1087.7911
1094.1269
1102.0956
1111.6725
1122.8359
1135.5664
1149.8468
1165.6618
1182.9972
1201.8394
1222.1754
1243.9916
1267.2734
1292.0048
1318.1673
1345.7394
1374.6958
1405.0063
1436.6351
1469.5400
1503.6706
1538.9683
1575.3639
1612.7775
1651.1165
1690.2748
1730.1311
1770.5477
1811.3698
1852.4237
1893.5159
1934.4329
1974.9400
2014.7813
2053.6802
2091.3402
2127.4460
2161.6661
2193.6555
2223.0601
2249.5215
2272.6831
2292.1972
2307.7327
2318.9845
2325.6821
2327.5999
2324.5656
2316.4694
2303.2714
2285.0069
2261.7899
2233.8139
2201.3497
2164.7403
2124.3929
2080.7685
2034.3693
1985.7252
1935.3794
1883.8742
1831.7385
1779.4753
1727.5529
1676.3972
1626.3870
1577.8507
1531.0661
1486.2615
1443.6179
1403.2727
1365.3241
1329.8357
1296.8414
1266.3500
1238.3497
1212.8126
1189.6980
1168.9561
1150.5306
1134.3612
1120.3856
1108.5412
1098.7662
1091.0011
1085.1887
1081.2753
1079.2110
1078.9493
1080.4482
1083.6691
1088.5775
1095.1427
1103.3371
1113.1366
1124.5196
1137.4672
1151.9626
1167.9905
1185.5368
1204.5882
1225.1314
1247.1529
1270.6379
1295.5700
1321.9304
1349.6971
1378.8442
1409.3409
1441.1504
1474.2293
1508.5264
1543.9815
1580.5241
1618.0725
1656.5324
1695.7956
1735.7385
1776.2213
1817.0864
1858.1575
1899.2385
1940.1127
1980.5425
2020.2693
2059.0135
2096.4759
2132.3387
2166.2684
2197.9185
2226.9339
2252.9562
2275.6294
2294.6077
2309.5632
2320.1949
2326.2382
2327.4741
2323.7388
2314.9317
2301.0231
2282.0592
2258.1650
2229.5451
2196.4806
2159.3242
2118.4912
2074.4490
2027.7046
1978.7906
1928.2509
1876.6268
1824.4440
1772.2014
1720.3616
1669.3444
1619.5214
1571.2141
1524.6933
1480.1805
1437.8503
1397.8345
1360.2261
1325.0844
1292.4393
1262.2965
1234.6419
1209.4454
1186.6650
1166.2498
1148.1427
1132.2831
1118.6086
1107.0565
1097.5655
1090.0761
1084.5317
1080.8792
1079.0690
1079.0554
1080.7966
1084.2549
1089.3962
1096.1902
1104.6099
1114.6315
1126.2338
1139.3983
1154.1083
1170.3488
1188.1058
1207.3660
1228.1163
1250.3428
1274.0306
1299.1631
1325.7211
1353.6820
1383.0192
1413.7013
1445.6905
1478.9426
1513.4050
1549.0161
1585.7041
1623.3855
1661.9642
1701.3298
1741.3567
1781.9026
1822.8074
1863.8919
1904.9574
1945.7842
1986.1318
2025.7385
2064.3222
2101.5807
2137.1940
2170.8265
2202.1304
2230.7496
2256.3258
2278.5039
2296.9400
2311.3096
2321.3161
2326.7007
2327.2515
2322.8131
2313.2945
2298.6762
2279.0152
2254.4478
2225.1894
2191.5316
2153.8362
2112.5266
2068.0765
2020.9973
1971.8240
1921.1011
1869.3682
1817.1481
1764.9350
1713.1861
1662.3145
1612.6850
1564.6120
1518.3593
1474.1417
1432.1275
1392.4429
1355.1759
1320.3813
1288.0856
1258.2912
1230.9817
1206.1251
1183.6780
1163.5883
1145.7985
1130.2475
1116.8728
1105.6119
1096.4036
1089.1889
1083.9116
1080.5190
1078.9620
1079.1956
1081.1786
1084.8736
1090.2472
1097.2695
1105.9140
1116.1573
1127.9786
1141.3596
1156.2839
1172.7367
1190.7042
1210.1731
1231.1301
1253.5613
1277.4517
1302.7842
1329.5392
1357.6938
1387.2206
1418.0873
1450.2555
1483.6797
1518.3062
1554.0720
1590.9038
1628.7163
1667.4116
1706.8773
1746.9854
1787.5912
1828.5321
1869.6263
1910.6719
1951.4466
1991.7069
2031.1882
2069.6053
2106.6537
2142.0110
2175.3396
2206.2903
2234.5063
2259.6294
2281.3056
2299.1933
2312.9711
2322.3473
2327.0689
2326.9317
2321.7884
2311.5578
2296.2309
2275.8755
2250.6390
2220.7478
2186.5037
2148.2776
2106.5006
2061.6525
2014.2489
1964.8270
1913.9312
1862.0998
1809.8520
1757.6774
1706.0274
1655.3085
1605.8786
1558.0451
1512.0647
1468.1455
1426.4498
1387.0982
1350.1736
1315.7268
1283.7804
1254.3342
1227.3691
1202.8516
1180.7366
1160.9714
1143.4976
1128.2540
1115.1780
1104.2071
1095.2804
1088.3393
1083.3280
1080.1944
1078.8898
1079.3699
1081.5938
1085.5249
1091.1302
1098.3804
1107.2492
1117.7138
1129.7537
1143.3510
1158.4894
1175.1543
1193.3320
1213.0092
1234.1727
1256.8084
1280.9010
1306.4332
1333.3849
1361.7326
1391.4483
1422.4990
1454.8452
1488.4405
1523.2298
1559.1489
1596.1228
1634.0646
1672.8744
1712.4376
1752.6241
1793.2867
1834.2602
1875.3600
1916.3815
1957.0994
1997.2672
2036.6174
2074.8621
2111.6941
2146.7888
2179.8066
2210.3971
2238.2030
2262.8661
2284.0337
2301.3666
2314.5469
2323.2878
2327.3426
2326.5143
2320.6645
2309.7218
2293.6874
2272.6404
2246.7393
2216.2212
2181.3979
2142.6494
2100.4144
2055.1784
2007.4609
1957.8009
1906.7428
1854.8230
1802.5570
1750.4297
1698.8865
1648.3273
1599.1031
1551.5140
1505.8099
1462.1924
1420.8175
1381.8004
1345.2193
1311.1206
1279.5236
1250.4252
1223.8040
1199.6246
1177.8408
1158.3989
1141.2401
1126.3027
1113.5241
1102.8421
1094.1959
1087.5273
1082.7810
1079.9054
1078.8524
1079.5781
1082.0423
1086.2089
1092.0453
1099.5228
1108.6156
1119.3011
1131.5593
1145.3725
1160.7247
1177.6014
1195.9891
1215.8745
1237.2442
1260.0841
1284.3785
1310.1100
1337.2579
1365.7982
1395.7022
1426.9361
1459.4595
1493.2248
1528.1757
1564.2466
1601.3610
1639.4301
1678.3521
1718.0103
1758.2723
1798.9886
1839.9910
1881.0925
1922.0855
1962.7417
2002.8118
2042.0254
2080.0917
2116.7010
2151.5264
2184.2266
2214.4499
2241.8386
2266.0348
2286.6873
2303.4591
2316.0363
2324.1371
2327.5211
2325.9990
2319.4413
2307.7864
2291.0461
2269.3106
2242.7495
2211.6104
2176.2154
2136.9531
2094.2695
2048.6557
2000.6348
1950.7473
1899.5374
1847.5391
1795.2645
1743.1931
1691.7645
1641.3719
1592.3591
1545.0194
1499.5956
1456.2827
1415.2309
1376.5499
1340.3131
1306.5630
1275.3153
1246.5642
1220.2862
1196.4441
1174.9905
1155.8708
1139.0257
1124.3933
1111.9110
1101.5166
1093.1497
1086.7526
1082.2704
1079.6518
1078.8496
1079.8201
1082.5239
1086.9254
1092.9924
1100.6967
1110.0130
1120.9191
1133.3953
1147.4241
1162.9898
1180.0781
1198.6755
1218.7688
1240.3444
1263.3882
1287.8842
1313.8146
1341.1582
1369.8906
1399.9823
1431.3986
1464.0982
1498.0324
1533.1437
1569.3650
1606.6180
1644.8125
1683.8444
1723.5951
1763.9298
1804.6963
1845.7241
1886.8232
1927.7833
1968.3730
2008.3401
2047.4113
2085.2932
2121.6734
2156.2228
2188.5986
2218.4478
2245.4123
2269.1347
2289.2653
2305.4700
2317.4386
2324.8945
2327.6039
2325.3855
2318.1187
2305.7517
2288.3073
2265.8866
2238.6701
2206.9164
2170.9572
2131.1898
2088.0672
2042.0858
1993.7720
1943.6676
1892.3163
1840.2495
1787.9756
1735.9688
1684.6624
1634.4431
1585.6475
1538.5618
1493.4220
1450.4167
1409.6902
1371.3467
1335.4551
1302.0539
1271.1555
1242.7513
1216.8157
1193.3099
1172.1855
1153.3868
1136.8542
1122.5256
1110.3383
1100.2305
1092.1419
1086.0152
1081.7960
1079.4336
1078.8812
1080.0959
1083.0387
1087.6743
1093.9715
1101.9021
1111.4415
1122.5677
1135.2615
1149.5057
1165.2847
1182.5843
1201.3912
1221.6921
1243.4734
1266.7208
1291.4181
1317.5469
1345.0858
1374.0096
1404.2883
1435.8863
1468.7612
1502.8632
1538.1336
1574.5037
1611.8937
1650.2115
1689.3511
1729.1916
1769.5959
1810.4094
1851.4589
1892.5516
1933.4742
1973.9925
2013.8513
2052.7744
2090.4657
2126.6104
2160.8772
2192.9216
2222.3897
2248.9229
2272.1647
2291.7670
2307.3984
2318.7529
2325.5594
2327.5907
2324.6736
2316.6965
2303.6180
2285.4714
2262.3689
2234.5021
2202.1402
2165.6245
2125.3608
2081.8088
2035.4701
1986.8739
1936.5633
1885.0809
1832.9557
1780.6916
1728.7578
1677.5812
1627.5417
1578.9689
1532.1418
1487.2898
1444.5950
1404.1957
1366.1911
1330.6454
1297.5933
1267.0439
1238.9862
1213.3923
1190.2220
1169.4256
1150.9468
1134.7256
1120.6996
1108.8061
1098.9836
1091.1722
1085.3148
1081.3577
1079.2506
1078.9473
1080.4054
1083.5864
1088.4557
1094.9823
1103.1389
1112.9009
1124.2470
1137.1581
1151.6173
1167.6093
1185.1200
1204.1361
1224.6444
1246.6312
1270.0818
1294.9800
1321.3069
1349.0406
1378.1553
1408.6203
1440.3991
1473.4484
1507.7171
1543.1452
1579.6626
1617.1878
1655.6268
1694.8717
1734.7994
1775.2704
1816.1275
1857.1949
1898.2770
1939.1575
1979.5994
2019.3445
2058.1138
2095.6084
2131.5111
2165.4886
2197.1947
2226.2746
2252.3697
2275.1240
2294.1915
2309.2436
2319.9787
2326.1312
2327.4811
2323.8630
2315.1749
2301.3853
2282.5386
2258.7581
2230.2463
2197.2828
2160.2185
2119.4674
2075.4959
2028.8101
1979.9422
1929.4359
1877.8327
1825.6588
1773.4137
1721.5612
1670.5219
1620.6686
1572.3240
1525.7601
1481.1994
1438.8176
1398.7476
1361.0831
1325.8841
1293.1812
1262.9808
1235.2689
1210.0160
1187.1801
1166.7106
1148.5507
1132.6395
1118.9149
1107.3142
1097.7758
1090.2405
1084.6514
1080.9554
1079.1028
1079.0477
1080.7484
1084.1670
1089.2693
1096.0250
1104.4070
1114.3913
1125.9568
1139.0849
1153.7588
1169.9636
1187.6852
1206.9103
1227.6256
1249.8176
1273.4712
1298.5699
1325.0944
1353.0225
1382.3276
1412.9782
1444.9369
1478.1595
1512.5938
1548.1783
1584.8413
1622.4999
1661.0581
1700.4059
1740.4180
1780.9526
1821.8500
1862.9315
1903.9987
1944.8326
1985.1931
2024.8191
2063.4287
2100.7204
2136.3745
2170.0559
2201.4168
2230.1015
2255.7515
2278.0116
2296.5378
2311.0047
2321.1152
2326.6095
2327.2745
2322.9534
2313.5536
2299.0539
2279.5095
2255.0548
2225.9034
2192.3452
2154.7404
2113.5110
2069.1297
2022.1073
1972.9782
1922.2868
1870.5731
1818.3602
1766.1432
1714.3802
1663.4854
1613.8246
1565.7135
1519.4171
1475.1511
1433.0851
1393.3461
1356.0229
1321.1711
1288.8177
1258.9659
1231.5993
1206.6865
1184.1842
1164.0406
1146.1982
1130.5960
1117.1715
1105.8623
1096.6070
1089.3466
1084.0249
1080.5890
1078.9899
1079.1823
1081.1249
1084.7804
1090.1152
1097.0994
1105.7063
1115.9125
1127.6972
1141.0419
1155.9303
1172.3475
1190.2797
1209.7136
1230.6358
1253.0326
1276.8889
1302.1878
1328.9096
1357.0314
1386.5262
1417.3617
1449.4996
1482.8946
1517.4931
1553.2326
1590.0398
1627.8299
1666.5051
1705.9534
1746.0472
1786.6423
1827.5764
1868.6681
1909.7162
1950.4988
1990.7728
2030.2741
2068.7182
2105.8007
2141.1998
2174.5783
2205.5870
2233.8695
2259.0674
2280.8266
2298.8051
2312.6810
2322.1618
2326.9936
2326.9708
2321.9448
2311.8328
2296.6240
2276.3845
2251.2598
2221.4744
2187.3284
2149.1913
2107.4928
2062.7118
2015.3631
1965.9835
1915.1174
1863.3034
1811.0612
1758.8813
1707.2159
1656.4726
1607.0106
1559.1382
1513.1134
1469.1454
1427.3976
1387.9914
1351.0106
1316.5066
1284.5027
1254.9992
1227.9773
1203.4038
1181.2340
1161.4152
1143.8892
1128.5947
1115.4692
1104.4503
1095.4770
1088.4904
1083.4350
1080.2583
1078.9119
1079.3509
1081.5348
1085.4266
1090.9933
1098.2054
1107.0369
1117.4645
1129.4680
1143.0291
1158.1317
1174.7611
1192.9037
1212.5460
1233.6749
1256.2763
1280.3349
1305.8336
1332.7522
1361.0673
1390.7513
1421.7709
1454.0870
1487.6533
1522.4150
1558.3081
1595.2577
1633.1774
1671.9674
1711.5137
1751.6865
1792.3389
1833.3062
1874.4042
1915.4289
1956.1554
1996.3377
2035.7089
2073.9814
2110.8485
2145.9860
2179.0547
2209.7043
2237.5776
2262.3165
2283.5680
2300.9925
2314.2717
2323.1178
2327.2831
2326.5694
2320.8370
2310.0126
2294.0958
2273.1640
2247.3736
2216.9601
2182.2335
2143.5725
2101.4142
2056.2435
2008.5790
1958.9594
1907.9293
1856.0251
1803.7632
1751.6291
1700.0692
1649.4846
1600.2272
1552.5985
1506.8495
1463.1828
1421.7556
1382.6837
1346.0464
1311.8906
1280.2362
1251.0806
1224.4029
1200.1678
1178.3295
1158.8343
1141.6236
1126.6356
1113.8079
1103.0781
1094.3855
1087.6718
1082.8817
1079.9633
1078.8686
1079.5536
1081.9779
1086.1054
1091.9034
1099.3431
1108.3986
1119.0474
1131.2692
1145.0464
1160.3630
1177.2044
1195.5570
1215.4076
1236.7428
1259.5485
1283.8092
1309.5072
1336.6222
1365.1301
1395.0025
1426.2056
1458.6991
1492.4356
1527.3592
1563.4044
1600.4948
1638.5422
1677.4448
1717.0866
1757.3354
1798.0420
1839.0388
1880.1392
1921.1361
1961.8017
2001.8872
2041.1225
2079.2176
2115.8629
2150.7321
2183.4843
2213.7677
2241.2248
2265.4977
2286.2350
2303.0993
2315.7760
2323.9825
2327.4774
2326.0701
2319.6298
2308.0928
2291.4697
2269.8486
2243.3971
2212.3614
2177.0617
2137.8852
2095.2766
2049.7262
2001.7564
1951.9076
1900.7238
1848.7395
1796.4673
1744.3878
1692.9413
1642.5221
1593.4753
1546.0953
1500.6260
1457.2636
1416.1592
1377.4233
1341.1303
1307.3231
1276.0182
1247.2102
1220.8759
1196.9784
1175.4705
1156.2978
1139.4011
1124.7185
1112.1873
1101.7455
1093.3326
1086.8907
1082.3648
1079.7038
1078.8601
1079.7901
1082.4543
1086.8168
1092.8456
1100.5123
1109.7915
1120.6609
1133.1009
1147.0938
1162.6240
1179.6772
1198.2396
1218.2982
1239.8395
1262.8493
1287.3116
1313.2087
1340.5196
1369.2197
1399.2800
1430.6656
1463.3356
1497.2413
1532.3255
1568.5214
1605.7508
1643.9239
1682.9370
1722.6716
1762.9935
1803.7510
1844.7738
1885.8725
1926.8372
1967.4371
2007.4203
2046.5142
2084.4257
2120.8430
2155.4373
2187.8659
2217.7762
2244.8101
2268.6102
2288.8265
2305.1245
2317.1932
2324.7554
2327.5761
2325.4726
2318.3230
2306.0738
2288.7460
2266.4387
2239.3310
2207.6793
2171.8139
2132.1306
2089.0813
2043.1615
1994.8969
1944.8294
1893.5024
1841.4480
1789.1749
1737.1586
1685.8331
1635.5861
1586.7557
1539.6290
1494.4433
1451.3881
1410.6087
1372.2102
1336.2624
1302.8042
1271.8487
1243.3878
1217.3962
1193.8353
1172.6569
1153.8056
1137.2217
1122.8432
1110.6074
1100.4524
1092.3180
1086.1468
1081.8842
1079.4796
1078.8861
1080.0604
1082.9637
1087.5607
1093.8198
1101.7129
1111.2154
1122.3052
1134.9629
1149.1713
1164.9149
1182.1795
1200.9516
1221.2179
1242.9651
1266.1785
1290.8422
1316.9379
1344.4443
1373.3361
1403.5835
1435.1510
1467.9965
1502.0702
1537.3138
1573.6588
1611.0256
1649.3223
1688.4434
1728.2684
1768.6605
1809.4655
1850.5106
1891.6035
1932.5315
1973.0607
2012.9365
2051.8832
2089.6051
2125.7878
2160.1004
2192.1987
2221.7289
2248.3326
2271.6530
2291.3418
2307.0673
2318.5226
2325.4358
2327.5788
2324.7767
2316.9167
2303.9556
2285.9249
2262.9351
2235.1760
2202.9148
2166.4914
2126.3102
2082.8297
2036.5507
1988.0020
1937.7263
1886.2665
1834.1519
1781.8873
1729.9425
1678.7456
1628.6775
1580.0690
1533.2003
1488.3018
1445.5567
1405.1044
1367.0447
1331.4428
1298.3338
1267.7276
1239.6133
1213.9636
1190.7385
1169.8884
1151.3573
1135.0851
1121.0095
1109.0679
1099.1986
1091.3417
1085.4400
1081.4398
1079.2908
1078.9465
1080.3645
1083.5062
1088.3370
1094.8258
1102.9450
1112.6703
1123.9801
1136.8552
1151.2788
1167.2356
1184.7113
1203.6928
1224.1666
1246.1193
1269.5362
1294.4009
1320.6949
1348.3962
1377.4790
1407.9129
1439.6614
1472.6815
1506.9222
1542.3238
1578.8164
1616.3187
1654.7371
1693.9640
1733.8766
1774.3358
1815.1850
1856.2487
1897.3317
1938.2183
1978.6719
2018.4349
2057.2286
2094.7547
2130.6964
2164.7207
2196.4817
2225.6247
2251.7912
2274.6251
2293.7799
2308.9269
2319.7635
2326.0232
2327.4849
2323.9820
2315.4108
2301.7383
2283.0069
2259.3382
2230.9329
2198.0688
2161.0953
2120.4250
2076.5233
2029.8954
1981.0730
1930.5999
1879.0175
1826.8526
1774.6055
1722.7407
1671.6799
1621.7970
1573.4159
1526.8097
1482.2021
1439.7698
1399.6464
1361.9268
1326.6716
1293.9120
1263.6548
1235.8867
1210.5782
1187.6878
1167.1650
1148.9530
1132.9912
1119.2173
1107.5687
1097.9839
1090.4033
1084.7703
1081.0315
1079.1371
1079.0413
1080.7021
1084.0816
1089.1456
1095.8636
1104.2085
1114.1562
1125.6855
1138.7778
1153.4163
1169.5859
1187.2727
1206.4632
1227.1443
1249.3023
1272.9223
1297.9877
1324.4794
1352.3752
1381.6486
1412.2683
1444.1970
1477.3906
1511.7971
1547.3554
1583.9939
1621.6300
1660.1679
1699.4981
1739.4957
1780.0191
1820.9091
1861.9875
1903.0563
1943.8970
1984.2700
2023.9147
2062.5496
2099.8738
2135.5679
2169.2970
2200.7138
2229.4626
2255.1850
2277.5256
2296.1400
2310.7025
2320.9151
2326.5170
2327.2942
2323.0883
2313.8053
2299.4222
2279.9924
2255.6486
2226.6026
2193.1424
2155.6268
2114.4766
2070.1633
2023.1969
1974.1116
1923.4515
1871.7569
1819.5514
1767.3309
1715.5543
1664.6368
1614.9455
1566.7972
1520.4578
1476.1445
1434.0276
1394.2351
1356.8568
1321.9488
1289.5388
1259.6304
1232.2078
1207.2397
1184.6832
1164.4865
1146.5924
1130.9399
1117.4665
1106.1097
1096.8082
1089.5029
1084.1374
1080.6590
1079.0184
1079.1703
1081.0733
1084.6899
1089.9866
1096.9333
1105.5032
1115.6729
1127.4216
1140.7307
1155.5838
1171.9660
1189.8634
1209.2629
1230.1510
1252.5139
1276.3367
1301.6024
1328.2916
1356.3813
1385.8446
1416.6493
1448.7574
1482.1236
1516.6948
1552.4083
1589.1913
1626.9592
1665.6145
1705.0456
1745.1254
1785.7098
1826.6371
1867.7263
1908.7768
1949.5669
1989.8542
2029.3751
2067.8453
2104.9613
2140.4013
2173.8286
2204.8942
2233.2418
2258.5130
2280.3536
2298.4211
2312.3933
2321.9768
2326.9167
2327.0062
2322.0955
2312.1001
2297.0074
2276.8818
2251.8671
2222.1859
2188.1366
2150.0872
2108.4661
2063.7513
2016.4568
1967.1191
1916.2826
1864.4860
1812.2496
1760.0647
1708.3844
1657.6174
1608.1239
1560.2135
1514.1452
1470.1295
1428.3305
1388.8707
1351.8347
1317.2745
1285.2141
1255.6542
1228.5766
1203.9481
1181.7244
1161.8528
1144.2754
1128.9309
1115.7568
1104.6906
1095.6714
1088.6402
1083.5413
1080.3224
1078.9347
1079.3334
1081.4778
1085.3310
1090.8597
1098.0346
1106.8292
1117.2206
1129.1881
1142.7137
1157.7812
1174.3757
1192.4836
1212.0917
1233.1865
1255.7542
1279.7795
1305.2451
1332.1312
1360.4144
1390.0670
1421.0561
1453.3426
1486.8804
1521.6149
1557.4823
1594.4081
1632.3059
1671.0765
1710.6061
1750.7652
1791.4075
1832.3686
1873.4648
1914.4925
1955.2273
1995.4237
2034.8153
2073.1150
2110.0164
2145.1958
2178.3143
2209.0217
2236.9611
2261.7742
2283.1081
2300.6225
2313.9986
2322.9479
2327.2217
2326.6206
2321.0035
2310.2953
2294.4943
2273.6757
2247.9943
2217.6837
2183.0524
2144.4775
2102.3950
2057.2886
2009.6765
1960.0971
1909.0947
1857.2062
1804.9486
1752.8081
1701.2320
1650.6225
1601.3328
1553.6654
1507.8724
1464.1575
1422.6788
1383.5532
1346.8606
1312.6488
1280.9380
1251.7263
1224.9930
1200.7032
1178.8112
1159.2636
1142.0018
1126.9642
1114.0881
1103.3114
1094.5732
1087.8151
1082.9818
1080.0214
1078.8857
1079.5306
1081.9157
1086.0047
1091.7650
1099.1675
1108.1864
1118.7990
1130.9851
1144.7269
1160.0084
1176.8151
1195.1332
1214.9497
1236.2510
1259.0231
1283.2505
1308.9157
1335.9983
1364.4744
1394.3157
1425.4884
1457.9525
1491.6608
1526.5575
1562.5772
1599.6441
1637.6700
1676.5537
1716.1792
1756.4148
1797.1118
1838.1031
1879.2023
1920.2029
1960.8775
2000.9779
2040.2345
2078.3576
2115.0383
2149.9503
2182.7532
2213.0955
2240.6197
2264.9678
2285.7882
2302.7432
2315.5176
2323.8279
2327.4316
2326.1371
2319.8119
2308.3911
2291.8831
2270.3744
2244.0309
2213.0969
2177.8910
2138.7991
2096.2646
2050.7768
2002.8575
1953.0469
1901.8891
1849.9189
1797.6495
1745.5621
1694.0982
1643.6532
1594.5732
1547.1536
1501.6398
1458.2288
1417.0728
1378.2830
1341.9347
1308.0716
1276.7105
1247.8465
1221.4568
1197.5049
1175.9437
1156.7189
1139.7714
1125.0394
1112.4603
1101.9718
1093.5136
1087.0276
1082.4588
1079.7560
1078.8715
1079.7617
1082.3868
1086.7111
1092.7024
1100.3320
1109.5748
1120.4082
1132.8126
1146.7703
1162.2656
1179.2841
1197.8122
1217.8367
1239.3443
1262.3205
1286.7498
1312.6141
1339.8928
1368.5613
1398.5906
1429.9461
1462.5869
1496.4646
1531.5222
1567.6929
1604.8992
1643.0512
1682.0456
1721.7644
1762.0737
1802.8221
1843.8400
1884.9381
1925.9072
1966.5169
2006.5159
2045.6319
2083.5724
2120.0259
2154.6640
2187.1444
2217.1145
2244.2164
2268.0927
2288.3930
2304.7824
2316.9495
2324.6160
2327.5459
2325.5553
2318.5208
2306.3873
2289.1741
2266.9785
2239.9777
2208.4265
2172.6535
2133.0532
2090.0762
2044.2172
1996.0013
1945.9702
1894.6675
1842.6255
1790.3536
1738.3281
1686.9840
1636.7101
1587.8456
1540.6788
1495.4480
1452.3439
1411.5126
1373.0602
1337.0571
1303.5429
1272.5314
1244.0147
1217.9680
1194.3530
1173.1216
1154.2185
1137.5841
1123.1566
1110.8731
1100.6718
1092.4924
1086.2773
1081.9721
1079.5260
1078.8919
1080.0267
1082.8911
1087.4500
1093.6717
1101.5281
1110.9942
1122.0482
1134.6704
1148.8437
1164.5525
1181.7826
1200.5205
1220.7529
1242.4664
1265.6465
1290.2772
1316.3404
1343.8146
1372.6750
1402.8916
1434.4291
1467.2457
1501.2917
1536.5089
1572.8290
1610.1730
1648.4490
1687.5519
1727.3615
1767.7415
1808.5380
1849.5787
1890.6718
1931.6048
1972.1446
2012.0370
2051.0067
2088.7585
2124.9783
2159.3358
2191.4868
2221.0778
2247.7505
2271.1480
2290.9217
2306.7393
2318.2936
2325.3116
2327.5641
2324.8750
2317.1301
2304.2843
2286.3677
2263.4887
2235.8354
2203.6735
2167.3410
2127.2411
2083.8312
2037.6112
1989.1094
1938.8684
1887.4310
1835.3273
1783.0623
1731.1070
1679.8903
1629.7943
1581.1509
1534.2414
1489.2974
1446.5030
