2151.0236
2109.4639
2064.7980
2017.5399
1968.2262
1917.4020
1865.6065
1813.3613
1761.1585
1709.4525
1658.6531
1609.1217
1561.1689
1515.0549
1470.9906
1429.1412
1389.6297
1352.5413
1317.9286
1285.8159
1256.2041
1229.0754
1204.3967
1182.1239
1162.2045
1144.5805
1129.1907
1115.9726
1104.8636
1095.8028
1088.7312
1083.5931
1080.3359
1078.9108
1079.2731
1081.3819
1085.2001
1090.6946
1097.8358
1106.5973
1116.9559
1128.8912
1142.3849
1157.4207
1173.9840
1192.0610
1211.6384
1232.7029
1255.2406
1279.2363
1304.6727
1331.5301
1359.7852
1389.4104
1420.3729
1452.6338
1486.1471
1520.8584
1556.7041
1593.6100
1631.4900
1670.2451
1709.7619
1749.9112
1790.5472
1831.5057
1872.6036
1913.6378
1954.3842
1994.5979
2034.0129
2072.3426
2109.2812
2144.5050
2177.6756
2208.4430
2236.4504
2261.3394
2282.7568
2300.3620
2313.8354
2322.8875
2327.2686
2326.7777
2321.2722
2310.6752
2294.9829
2274.2687
2248.6854
2218.4650
2183.9143
2145.4091
2103.3847
2058.3242
2010.7456
1961.1876
1910.1951
1858.3059
1806.0377
1753.8781
1702.2754
1651.6331
1602.3052
1554.5954
1508.7567
1464.9936
1423.4651
1384.2886
1347.5445
1313.2810
1281.5189
1252.2563
1225.4729
1201.1341
1179.1941
1159.5998
1142.2924
1127.2105
1114.2914
1103.4729
1094.6941
1087.8966
1083.0249
1080.0271
1078.8549
1079.4642
1081.8145
1085.8694
1091.5962
1098.9657
1107.9522
1118.5328
1130.6873
1144.3979
1159.6485
1176.4246
1194.7125
1214.4989
1235.7706
1258.5134
1282.7119
1308.3486
1335.4032
1363.8520
1393.6665
1424.8133
1457.2526
1490.9371
1525.8113
1561.8102
1598.8579
1636.8668
1675.7357
1715.3492
1755.5759
1796.2673
1837.2568
1878.3585
1919.3664
1960.0534
2000.1718
2039.4525
2077.6063
2114.3245
2149.2815
2182.1368
2212.5394
2240.1316
2264.5556
2285.4592
2302.5044
2315.3753
2323.7874
2327.4971
2326.3112
2320.0956
2308.7836
2292.3818
2270.9748
2244.7265
2213.8795
2178.7510
2139.7255
2097.2459
2051.8010
2003.9125
1954.1208
1902.9707
1850.9978
1798.7163
1746.6087
1695.1173
1644.6388
1595.5204
1548.0585
1502.4993
1459.0406
1417.8353
1378.9953
1342.5964
1308.6824
1277.2709
1248.3571
1221.9184
1197.9185
1176.3104
1157.0398
1140.0478
1125.2726
1112.6514
1102.1221
1093.6243
1087.0997
1082.4934
1079.7541
1078.8340
1079.6894
1082.2805
1086.5714
1092.5299
1100.1274
1109.3384
1120.1405
1132.5140
1146.4412
1161.9063
1178.8948
1197.3934
1217.3886
1238.8672
1261.8148
1286.2158
1312.0523
1339.3037
1367.9455
1397.9488
1429.2791
1461.8958
1495.7504
1530.7863
1566.9369
1604.1248
1642.2605
1681.2410
1720.9486
1761.2497
1801.9933
1843.0102
1884.1117
1925.0887
1965.7115
2005.7293
2044.8700
2082.8418
2119.3334
2154.0168
2186.5500
2216.5806
2243.7507
2267.7026
2288.0859
2304.5650
2316.8278
2324.5950
2327.6295
2325.7458
2318.8190
2306.7921
2289.6825
2267.5858
2240.6772
2209.2099
2173.5111
2133.9741
2091.0489
2045.2298
1997.0420
1947.0274
1895.7302
1843.6838
1791.3984
1739.3514
1687.9791
1637.6714
1588.7682
1541.5591
1496.2832
1453.1318
1412.2519
1373.7500
1337.6970
1304.1330
1273.0720
1244.5065
1218.4118
1194.7498
1173.4724
1154.5246
1137.8468
1123.3769
1111.0524
1100.8112
1092.5931
1086.3404
1081.9986
1079.5168
1078.8479
1079.9486
1082.7798
1087.3061
1093.4958
1101.3206
1110.7558
1121.7791
1134.3711
1148.5146
1164.1939
1181.3947
1200.1036
1220.3074
1241.9925
1265.1446
1289.7478
1315.7838
1343.2315
1372.0658
1402.2571
1433.7702
1466.5632
1500.5869
1535.7831
1572.0839
1609.4102
1647.6708
1686.7605
1726.5597
1766.9322
1807.7248
1848.7653
1889.8624
1930.8041
1971.3578
2011.2696
2050.2647
2088.0483
2124.3068
2158.7100
2190.9141
2220.5658
2247.3066
2270.7797
2290.6360
2306.5428
2318.1920
2325.3097
2327.6653
2325.0815
2317.4423
2304.7008
2286.8853
2264.1024
2236.5384
2204.4573
2168.1959
2128.1562
2084.7951
2038.6122
1990.1357
1939.9089
1888.4750
1836.3651
1784.0853
1732.1075
1680.8619
1630.7315
1582.0493
1535.0976
1490.1088
1447.2676
1406.7151
1368.5526
1332.8464
1299.6327
1268.9220
1240.7043
1214.9528
1191.6279
1170.6802
1152.0539
1135.6890
1121.5234
1109.4943
1099.5400
1091.6005
1085.6186
1081.5402
1079.3150
1078.8964
1080.2418
1083.3124
1088.0734
1094.4937
1102.5455
1112.2043
1123.4484
1136.2587
1150.6181
1166.5113
1183.9241
1202.8431
1223.2552
1245.1467
1268.5030
1293.3079
1319.5430
1347.1864
1376.2126
1406.5913
1438.2863
1471.2549
1505.4465
1540.8017
1577.2511
1614.7140
1653.0973
1692.2940
1732.1820
1772.6230
1813.4611
1854.5215
1895.6101
1936.5120
1976.9915
2016.7919
2055.6356
2093.2249
2129.2438
2163.3601
2195.2282
2224.4939
2250.7985
2273.7858
2293.1086
2308.4371
2319.4673
2325.9309
2327.6042
2324.3179
2315.9654
2302.5099
2283.9906
2260.5251
2232.3109
2199.6225
2162.8065
2122.2731
2078.4860
2031.9495
1983.1951
1932.7667
1881.2067
1829.0431
1776.7781
1724.8780
1673.7666
1623.8201
1575.3645
1528.6748
1483.9765
1441.4483
1401.2253
1363.4035
1328.0448
1295.1814
1264.8209
1236.9506
1211.5415
1188.5526
1167.9334
1149.6275
1133.5744
1119.7117
1107.9768
1098.3082
1090.6462
1084.9341
1081.1182
1079.1487
1078.9796
1080.5687
1083.8781
1088.8733
1095.5236
1103.8018
1113.6839
1125.1484
1138.1766
1152.7517
1168.8585
1186.4831
1205.6120
1226.2320
1248.3295
1271.8897
1296.8961
1323.3298
1351.1685
1380.3860
1410.9514
1442.8275
1475.9705
1510.3289
1545.8417
1582.4382
1620.0359
1658.5399
1697.8411
1737.8153
1778.3217
1819.2018
1860.2783
1901.3541
1942.2116
1982.6120
2022.2956
2060.9820
2098.3708
2134.1436
2167.9661
2199.4913
2228.3639
2254.2253
2276.7201
2295.5029
2310.2470
2320.6530
2326.4581
2327.4457
2323.4549
2314.3883
2300.2196
2280.9987
2256.8545
2227.9956
2194.7068
2157.3441
2116.3261
2072.1228
2025.2434
1976.2217
1925.6023
1873.9265
1821.7192
1769.4781
1717.6640
1666.6942
1616.9380
1568.7143
1522.2910
1477.8869
1435.6743
1395.7826
1358.3028
1323.2922
1290.7793
1260.7687
1233.2451
1208.1776
1185.5237
1165.2321
1147.2453
1131.5027
1117.9418
1106.4999
1097.1158
1089.7302
1084.2867
1080.7323
1079.0176
1079.0972
1080.9295
1084.4769
1089.7056
1096.5854
1105.0896
1115.1945
1126.8791
1140.1249
1154.9154
1171.2355
1189.0715
1208.4100
1229.2378
1251.5411
1275.3048
1300.5123
1327.1441
1355.1776
1384.5859
1415.3371
1447.3935
1480.7100
1515.2339
1550.9030
1587.6449
1625.3756
1663.9981
1703.4014
1743.4590
1784.0277
1824.9464
1866.0352
1907.0940
1947.9023
1988.2184
2027.7797
2066.3029
2103.4850
2139.0051
2172.5270
2203.7023
2232.1748
2257.5861
2279.5815
2297.8179
2311.9718
2321.7484
2326.8907
2327.1895
2322.4922
2312.7110
2297.8300
2277.9101
2253.0914
2223.5932
2189.7110
2151.8099
2110.3165
2065.7072
2018.4952
1969.2169
1918.4172
1866.6359
1814.3947
1762.1865
1710.4666
1659.6457
1610.0861
1562.0995
1515.9469
1471.8404
1429.9459
1390.3873
1353.2505
1318.5885
1286.4263
1256.7653
1229.5877
1204.8611
1182.5413
1162.5759
1144.9071
1129.4738
1116.2134
1105.0633
1095.9626
1088.8523
1083.6764
1080.3825
1078.9218
1079.2492
1081.3238
1085.1086
1090.5703
1097.6791
1106.4088
1116.7361
1128.6404
1142.1035
1157.1090
1173.6422
1191.6894
1211.2373
1232.2726
1254.7813
1278.7483
1304.1564
1330.9860
1359.2137
1388.8121
1419.7485
1451.9842
1485.4732
1520.1614
1555.9854
1592.8711
1630.7328
1669.4716
1708.9745
1749.1127
1789.7405
1830.6944
1871.7915
1912.8289
1953.5833
1993.8101
2033.2435
2071.5976
2108.5666
2143.8275
2177.0420
2207.8604
2235.9258
2260.8798
2282.3692
2300.0528
2313.6107
2322.7528
2327.2283
2326.8353
2321.4297
2310.9336
2295.3415
2274.7254
2249.2364
2219.1048
2184.6363
2146.2052
2104.2458
2059.2404
2011.7064
1962.1823
1911.2129
1859.3363
1807.0709
1754.9046
1703.2869
1652.6220
1603.2651
1555.5207
1509.6430
1465.8372
1424.2633
1385.0395
1348.2467
1313.9339
1282.1224
1252.8105
1225.9785
1201.5918
1179.6049
1159.9648
1142.6128
1127.4875
1114.5263
1103.6669
1094.8484
1088.0123
1083.1031
1080.0687
1078.8609
1079.4354
1081.7517
1085.7732
1091.4672
1098.8046
1107.7594
1118.3087
1130.4323
1144.1123
1159.3326
1176.0787
1194.3368
1214.0938
1235.3362
1258.0501
1282.2200
1307.8284
1334.8553
1363.2767
1393.0646
1424.1854
1456.5995
1490.2599
1525.1112
1561.0886
1598.1164
1636.1072
1674.9602
1714.5602
1754.7761
1795.4599
1836.4452
1877.5466
1918.5584
1959.2541
1999.3862
2038.6862
2076.8651
2113.6148
2148.6098
2181.5100
2211.9645
2239.6157
2264.1056
2285.0822
2302.2068
2315.1630
2323.6657
2327.4703
2326.3826
2320.2673
2309.0562
2292.7544
2271.4449
2245.2902
2214.5312
2179.4838
2140.5313
2098.1153
2052.7240
2004.8787
1955.1193
1903.9909
1852.0292
1799.7491
1747.6336
1696.1260
1645.6240
1596.4758
1548.9786
1503.3797
1459.8779
1418.6269
1379.7394
1343.2917
1309.3284
1277.8675
1248.9045
1222.4172
1198.3695
1176.7147
1157.3985
1140.3621
1125.5437
1112.8805
1102.3105
1093.7731
1087.2101
1082.5664
1079.7907
1078.8351
1079.6558
1082.2129
1086.4706
1092.3964
1099.9618
1109.1411
1119.9121
1132.2546
1146.1513
1161.5861
1178.5447
1197.0135
1216.9793
1238.4287
1261.3474
1285.7199
1311.5283
1338.7519
1367.3665
1397.3432
1428.6477
1461.2393
1495.0700
1530.0831
1566.2124
1603.3806
1641.4986
1680.4634
1720.1579
1760.4487
1801.1851
1842.1983
1883.3000
1924.2817
1964.9139
2004.9461
2044.1069
2082.1047
2118.6286
2153.3510
2185.9301
2216.0136
2243.2436
2267.2625
2287.7196
2304.2789
2316.6278
2324.4863
2327.6163
2325.8312
2319.0048
2307.0788
2290.0689
2268.0693
2241.2536
2209.8734
2174.2546
2134.7893
2091.9264
2046.1595
1998.0133
1948.0295
1896.7525
1844.7159
1792.4305
1740.3745
1688.9849
1638.6527
1589.7189
1542.4738
1497.1577
1453.9628
1413.0369
1374.4872
1338.3854
1304.7720
1273.6616
1245.0470
1218.9038
1195.1942
1173.8702
1154.8770
1138.1549
1123.6421
1111.2758
1100.9940
1092.7365
1086.4455
1082.0664
1079.5483
1078.8440
1079.9102
1082.7076
1087.2007
1093.3578
1101.1506
1110.5541
1121.5463
1134.1075
1148.2204
1163.8695
1181.0404
1199.7196
1219.8940
1241.5500
1264.6733
1289.2480
1315.2559
1342.6758
1371.4830
1401.6478
1433.1352
1465.9034
1499.9033
1535.0770
1571.3566
1608.6635
1646.9066
1685.9810
1725.7674
1766.1300
1806.9159
1847.9533
1889.0512
1929.9982
1970.5619
2010.4889
2049.5049
2087.3154
2123.6071
2158.0503
2190.3012
2220.0067
2246.8086
2270.3496
2290.2806
2306.2685
2318.0046
2325.2141
2327.6658
2325.1809
2317.6422
2305.0015
2287.2855
2264.5992
2237.1273
2205.1324
2168.9499
2128.9806
2085.6805
2039.5483
1991.1120
1940.9144
1889.4993
1837.3977
1785.1165
1733.1285
1681.8646
1631.7088
1582.9952
1536.0069
1490.9773
1448.0923
1407.4935
1369.2831
1333.5279
1300.2647
1269.5047
1241.2380
1215.4381
1192.0657
1171.0715
1152.4000
1135.9910
1121.7825
1109.7119
1099.7171
1091.7384
1085.7184
1081.6029
1079.3416
1078.8877
1080.1986
1083.2355
1087.9634
1094.3512
1102.3710
1111.9983
1123.2113
1135.9908
1150.3197
1166.1828
1183.5657
1202.4551
1222.8378
1244.7001
1268.0277
1292.8042
1319.0112
1346.6270
1375.6262
1405.9784
1437.6478
1470.5917
1504.7596
1540.0925
1576.5210
1613.9648
1652.3309
1691.5126
1731.3882
1771.8198
1812.6516
1853.7094
1894.7994
1935.7072
1976.1975
2016.0139
2054.8792
2092.4963
2128.5494
2162.7065
2194.6225
2223.9430
2250.3095
2273.3658
2292.7642
2308.1746
2319.2925
2325.8486
2327.6183
2324.4313
2316.1794
2302.8246
2284.4044
2261.0350
2232.9123
2200.3092
2163.5709
2123.1066
2079.3790
2032.8919
1984.1760
1933.7754
1882.2326
1830.0761
1777.8084
1725.8968
1674.7661
1624.7933
1576.3054
1529.5785
1484.8391
1442.2666
1401.9970
1364.1271
1328.7193
1295.8065
1265.3967
1237.4773
1212.0200
1188.9838
1168.3184
1149.9673
1133.8703
1119.9650
1108.1887
1098.4798
1090.7787
1085.0286
1081.1757
1079.1702
1078.9660
1080.5208
1083.7965
1088.7587
1095.3766
1103.6229
1113.4735
1124.9070
1137.9044
1152.4491
1168.5258
1186.1205
1205.2198
1225.8105
1247.8790
1271.4104
1296.3884
1322.7941
1350.6053
1379.7959
1410.3349
1442.1855
1475.3040
1509.6389
1545.1296
1581.7054
1619.2842
1657.7712
1697.0578
1737.0200
1777.5173
1818.3917
1859.4662
1900.5440
1941.4080
1981.8199
2021.5203
2060.2291
2097.6466
2133.4545
2167.3188
2198.8928
2227.8212
2253.7456
2276.3102
2295.1696
2309.9965
2320.4908
2326.3891
2327.4736
2323.5823
2314.6164
2300.5483
2281.4262
2257.3776
2228.6092
2195.4047
2158.1187
2117.1685
2073.0234
2026.1917
1977.2071
1926.6140
1874.9539
1822.7523
1770.5073
1718.6805
1667.6904
1617.9070
1569.6503
1523.1891
1478.7434
1436.4862
1396.5476
1359.0195
1323.9597
1291.3975
1261.3375
1233.7650
1208.6495
1185.9484
1165.6106
1147.5789
1131.7926
1118.1891
1106.7060
1097.2819
1089.8573
1084.3760
1080.7848
1079.0342
1079.0787
1080.8768
1084.3906
1089.5864
1096.4339
1104.9063
1114.9798
1126.6333
1139.8485
1154.6085
1170.8986
1188.7048
1208.0138
1228.8123
1251.0865
1274.8216
1300.0007
1326.6046
1354.6106
1383.9920
1414.7171
1446.7480
1480.0402
1514.5407
1550.1879
1586.9094
1624.6214
1663.2273
1702.6163
1742.6623
1783.2224
1824.1359
1865.2231
1906.2846
1947.1000
1987.4284
2027.0072
2065.5538
2102.7654
2138.3215
2171.8862
2203.1113
2231.6406
2257.1158
2279.1820
2297.4959
2311.7334
2321.5990
2326.8351
2327.2312
2322.6337
2312.9533
2298.1727
2278.3512
2253.6274
2224.2191
2190.4201
2152.5945
2111.1676
2066.6150
2019.4493
1970.2066
1919.4317
1867.6647
1815.4277
1763.2144
1711.4807
1660.6384
1611.0507
1563.0304
1516.8394
1472.6907
1430.7512
1391.1455
1353.9603
1319.2492
1287.0375
1257.3272
1230.1009
1205.3262
1182.9593
1162.9480
1145.2345
1129.7576
1116.4549
1105.2637
1096.1231
1088.9740
1083.7605
1080.4299
1078.9334
1079.2259
1081.2664
1085.0177
1090.4466
1097.5232
1106.2211
1116.5170
1128.3903
1141.8228
1156.7980
1173.3012
1191.3186
1210.8369
1231.8429
1254.3227
1278.2610
1303.6409
1330.4426
1358.6429
1388.2146
1419.1249
1451.3353
1484.8000
1519.4651
1555.2673
1592.1329
1629.9762
1668.6987
1708.1877
1748.3147
1788.9343
1829.8834
1870.9796
1912.0203
1952.7826
1993.0222
2032.4740
2070.8522
2107.8517
2143.1495
2176.4078
2207.2769
2235.4001
2260.4191
2281.9801
2299.7421
2313.3844
2322.6163
2327.1861
2326.8908
2321.5852
2311.1900
2295.6981
2275.1800
2249.7853
2219.7427
2185.3565
2146.9997
2105.1054
2060.1553
2012.6661
1963.1760
1912.2300
1860.3663
1808.1037
1755.9310
1704.2985
1653.6111
1604.2253
1556.4464
1510.5297
1466.6814
1425.0621
1385.7910
1348.9497
1314.5876
1282.7266
1253.3656
1226.4848
1202.0502
1180.0165
1160.3305
1142.9339
1127.7653
1114.7620
1103.8617
1095.0034
1088.1287
1083.1819
1080.1110
1078.8676
1079.4073
1081.6895
1085.6777
1091.3390
1098.6441
1107.5672
1118.0852
1130.1779
1143.8273
1159.0174
1175.7334
1193.9618
1213.6893
1234.9025
1257.5875
1281.7288
1307.3090
1334.3080
1362.7022
1392.4633
1423.5582
1455.9472
1489.5835
1524.4119
1560.3677
1597.3755
1635.3482
1674.1852
1713.7717
1753.9768
1794.6528
1835.6339
1876.7349
1917.7506
1958.4549
1998.6006
2037.9197
2076.1237
2112.9047
2147.9376
2180.8825
2211.3887
2239.0987
2263.6545
2284.7038
2301.9076
2314.9490
2323.5421
2327.4416
2326.4520
2320.4369
2309.3266
2293.1249
2271.9130
2245.8519
2215.1811
2180.2148
2141.3354
2098.9832
2053.6458
2005.8437
1956.1169
1905.0103
1853.0601
1800.7814
1748.6583
1697.1348
1646.6094
1597.4314
1549.8991
1504.2607
1460.7158
1419.4191
1380.4841
1343.9877
1309.9751
1278.4648
1249.4526
1222.9168
1198.8213
1177.1197
1157.7579
1140.6771
1125.8155
1113.1104
1102.4996
1093.9226
1087.3211
1082.6401
1079.8280
1078.8368
1079.6229
1082.1461
1086.3705
1092.2637
1099.7969
1108.9446
1119.6843
1131.9960
1145.8621
1161.2667
1178.1953
1196.6344
1216.5708
1237.9910
1260.8809
1285.2248
1311.0050
1338.2009
1366.7882
1396.7383
1428.0169
1460.5836
1494.3903
1529.3807
1565.4886
1602.6372
1640.7372
1679.6865
1719.3678
1759.6481
1800.3773
1841.3868
1882.4887
1923.4748
1964.1162
2004.1629
2043.3437
2081.3673
2117.9234
2152.6847
2185.3094
2215.4456
2242.7355
2266.8212
2287.3520
2303.9913
2316.4262
2324.3758
2327.6011
2325.9146
2319.1885
2307.3633
2290.4532
2268.5508
2241.8279
2210.5351
2174.9964
2135.6029
2092.8025
2047.0879
1998.9835
1949.0308
1897.7741
1845.7475
1793.4623
1741.3974
1689.9908
1639.6342
1590.6698
1543.3890
1498.0328
1454.7944
1413.8225
1375.2251
1339.0745
1305.4118
1274.2519
1245.5882
1219.3966
1195.6394
1174.2688
1155.2301
1138.4638
1123.9079
1111.4998
1101.1775
1092.8805
1086.5512
1082.1350
1079.5806
1078.8409
1079.8725
1082.6360
1087.0960
1093.2205
1100.9812
1110.3532
1121.3142
1133.8446
1147.9270
1163.5459
1180.6869
1199.3364
1219.4814
1241.1083
1264.2027
1288.7489
1314.7287
1342.1210
1370.9010
1401.0393
1432.5009
1465.2443
1499.2204
1534.3715
1570.6300
1607.9175
1646.1429
1685.2021
1724.9757
1765.3283
1806.1073
1847.1416
1888.2402
1929.1924
1969.7660
2009.7082
2048.7449
2086.5822
2122.9070
2157.3899
2189.6876
2219.4468
2246.3094
2269.9182
2289.9238
2305.9926
2317.8154
2325.1167
2327.6643
2325.2782
2317.8400
2305.3001
2287.6835
2265.0939
2237.7143
2205.8057
2169.7022
2129.8035
2086.5645
2040.4832
1992.0871
1941.9191
1890.5228
1838.4298
1786.1476
1734.1495
1682.8674
1632.6864
1583.9414
1536.9166
1491.8464
1448.9175
1408.2725
1370.0142
1334.2101
1300.8975
1270.0881
1241.7724
1215.9242
1192.5042
1171.4636
1152.7468
1136.2938
1122.0425
1109.9302
1099.8950
1091.8770
1085.8189
1081.6663
1079.3688
1078.8797
1080.1561
1083.1592
1087.8541
1094.2094
1102.1972
1111.7929
1122.9748
1135.7236
1150.0221
1165.8549
1183.2080
1202.0678
1222.4211
1244.2544
1267.5531
1292.3012
1318.4801
1346.0683
1375.0404
1405.3663
1437.0101
1469.9292
1504.0735
1539.3840
1575.7916
1613.2162
1651.5650
1690.7318
1730.5950
1771.0169
1811.8424
1852.8976
1893.9889
1934.9025
1975.4034
2015.2358
2054.1227
2091.7674
2127.8545
2162.0523
2194.0159
2223.3911
2249.8195
2272.9444
2292.4184
2307.9105
2319.1159
2325.7644
2327.6305
2324.5426
2316.3914
2303.1373
2284.8162
2261.5429
2233.5117
2200.9939
2164.3335
2123.9385
2080.2707
2033.8330
1985.1559
1934.7833
1883.2579
1831.1086
1778.8385
1726.9157
1675.7657
1625.7668
1577.2467
1530.4827
1485.7022
1443.0855
1402.7693
1364.8514
1329.3946
1296.4324
1265.9732
1238.0049
1212.4993
1189.4157
1168.7040
1150.3079
1134.1670
1120.2189
1108.4012
1098.6521
1090.9120
1085.1238
1081.2340
1079.1925
1078.9531
1080.4735
1083.7156
1088.6448
1095.2303
1103.4447
1113.2638
1124.6662
1137.6330
1152.1472
1168.1938
1185.7586
1204.8284
1225.3898
1247.4292
1270.9319
1295.8815
1322.2591
1350.0428
1379.2064
1409.7192
1441.5442
1474.6382
1508.9496
1544.4181
1580.9732
1618.5331
1657.0032
1696.2751
1736.2252
1776.7135
1817.5820
1858.6544
1899.7342
1940.6046
1981.0278
2020.7448
2059.4761
2096.9221
2132.7649
2166.6709
2198.2935
2227.2776
2253.2648
2275.8991
2294.8349
2309.7444
2320.3269
2326.3182
2327.4996
2323.7076
2314.8425
2300.8749
2281.8516
2257.8986
2229.2209
2196.1008
2158.8915
2118.0093
2073.9225
2027.1388
1978.1915
1927.6249
1875.9808
1823.7850
1771.5362
1719.6971
1668.6867
1618.8763
1570.5866
1524.0878
1479.6004
1437.2986
1397.3133
1359.7369
1324.6281
1292.0164
1261.9071
1234.2857
1209.1220
1186.3738
1165.9899
1147.9132
1132.0832
1118.4372
1106.9129
1097.4486
1089.9852
1084.4660
1080.8379
1079.0515
1079.0610
1080.8248
1084.3051
1089.4680
1096.2831
1104.7237
1114.7657
1126.3883
1139.5727
1154.3025
1170.5625
1188.3388
1207.6182
1228.3874
1250.6327
1274.3391
1299.4898
1326.0658
1354.0444
1383.3989
1414.0978
1446.1033
1479.3710
1513.8483
1549.4735
1586.1745
1623.8678
1662.4571
1701.8318
1741.8661
1782.4175
1823.3257
1864.4113
1905.4753
1946.2979
1986.6383
2026.2346
2064.8044
2102.0454
2137.6374
2171.2448
2202.5194
2231.1054
2256.6443
2278.7812
2297.1723
2311.4933
2321.4479
2326.7775
2327.2710
2322.7731
2313.1935
2298.5133
2278.7903
2254.1614
2224.8430
2191.1274
2153.3774
2112.0172
2067.5214
2020.4022
1971.1953
1920.4455
1868.6929
1816.4604
1764.2421
1712.4948
1661.6313
1612.0156
1563.9616
1517.7323
1473.5416
1431.5572
1391.9045
1354.6708
1319.9105
1287.6494
1257.8898
1230.6148
1205.7921
1183.3782
1163.3209
1145.5626
1130.0422
1116.6971
1105.4649
1096.2843
1089.0965
1083.8453
1080.4780
1078.9457
1079.2033
1081.2096
1084.9275
1090.3235
1097.3679
1106.0340
1116.2986
1128.1410
1141.5428
1156.4877
1172.9608
1190.9485
1210.4373
1231.4141
1253.8649
1277.7746
1303.1261
1329.9000
1358.0729
1387.6178
1418.5020
1450.6872
1484.1276
1518.7696
1554.5500
1591.3953
1629.2202
1667.9264
1707.4014
1747.5171
1788.1286
1829.0728
1870.1679
1911.2118
1951.9819
1992.2343
2031.7043
2070.1066
2107.1364
2142.4710
2175.7729
2206.6926
2234.8734
2259.9571
2281.5898
2299.4300
2313.1565
2322.4780
2327.1420
2326.9444
2321.7387
2311.4443
2296.0526
2275.6325
2250.3322
2220.3787
2186.0748
2147.7924
2105.9635
2061.0689
2013.6247
1964.1688
1913.2463
1861.3956
1809.1361
1756.9572
1705.3099
1654.6004
1605.1857
1557.3726
1511.4169
1467.5261
1425.8616
1386.5432
1349.6533
1315.2420
1283.3316
1253.9213
1226.9919
1202.5095
1180.4288
1160.6971
1143.2559
1128.0438
1114.9984
1104.0571
1095.1591
1088.2458
1083.2615
1080.1540
1078.8750
1079.3799
1081.6280
1085.5829
1091.2114
1098.4844
1107.3757
1117.8625
1129.9242
1143.5431
1158.7029
1175.3889
1193.5876
1213.2856
1234.4696
1257.1256
1281.2383
1306.7903
1333.7616
1362.1284
1391.8629
1422.9318
1455.2956
1488.9078
1523.7132
1559.6474
1596.6353
1634.5899
1673.4109
1712.9837
1753.1779
1793.8462
1834.8230
1875.9235
1916.9430
1957.6557
1997.8150
2037.1531
2075.3820
2112.1942
2147.2648
2180.2543
2210.8120
2238.5807
2263.2022
2284.3240
2301.6069
2314.7333
2323.4168
2327.4110
2326.5195
2320.6045
2309.5950
2293.4932
2272.3790
2246.4116
2215.8290
2180.9441
2142.1378
2099.8497
2054.5662
2006.8077
1957.1136
1906.0290
1854.0904
1801.8135
1749.6829
1698.1435
1647.5949
1598.3873
1550.8200
1505.1421
1461.5543
1420.2120
1381.2295
1344.6845
1310.6226
1279.0628
1250.0015
1223.4171
1199.2739
1177.5255
1158.1181
1140.9928
1126.0880
1113.3410
1102.6895
1094.0729
1087.4329
1082.7145
1079.8659
1078.8393
1079.5906
1082.0799
1086.2710
1092.1316
1099.6327
1108.7487
1119.4572
1131.7380
1145.5736
1160.9480
1177.8467
1196.2561
1216.1630
1237.5540
1260.4150
1284.7304
1310.4824
1337.6506
1366.2107
1396.1342
1427.3869
1459.9286
1493.7114
1528.6790
1564.7655
1601.8943
1639.9765
1678.9101
1718.5781
1758.8480
1799.5699
1840.5756
1881.6776
1922.6682
1963.3187
2003.3796
2042.5802
2080.6296
2117.2178
2152.0177
2184.6880
2214.8768
2242.2263
2266.3787
2286.9829
2303.7022
2316.2229
2324.2635
2327.5841
2325.9959
2319.3702
2307.6457
2290.8354
2269.0301
2242.4003
2211.1948
2175.7363
2136.4148
2093.6770
2048.0151
1999.9527
1950.0312
1898.7950
1846.7786
1794.4938
1742.4202
1690.9966
1640.6159
1591.6211
1544.3045
1498.9083
1455.6266
1414.6088
1375.9637
1339.7643
1306.0523
1274.8430
1246.1303
1219.8901
1196.0853
1174.6681
1155.5840
1138.7734
1124.1745
1111.7246
1101.3617
1093.0253
1086.6577
1082.2042
1079.6135
1078.8384
1079.8355
1082.5652
1086.9919
1093.0839
1100.8126
1110.1529
1121.0827
1133.5823
1147.6343
1163.2230
1180.3340
1198.9539
1219.0695
1240.6673
1263.7329
1288.2506
1314.2022
1341.5669
1370.3198
1400.4316
1431.8674
1464.5859
1498.5382
1533.6667
1569.9041
1607.1720
1645.3799
1684.4237
1724.1844
1764.5271
1805.2992
1846.3302
1887.4295
1928.3867
1968.9702
2008.9274
2047.9847
2085.8486
2122.2064
2156.7290
2189.0731
2218.8859
2245.8091
2269.4855
2289.5656
2305.7152
2317.6246
2325.0176
2327.6608
2325.3735
2318.0358
2305.5966
2288.0795
2265.5865
2238.2992
2206.4770
2170.4527
2130.6247
2087.4470
2041.4168
1993.0612
1942.9229
1891.5457
1839.4615
1787.1783
1735.1703
1683.8703
1633.6641
1584.8879
1537.8268
1492.7161
1449.7434
1409.0522
1370.7460
1334.8930
1301.5311
1270.6723
1242.3075
1216.4110
1192.9435
1171.8565
1153.0944
1136.5973
1122.3031
1110.1492
1100.0736
1092.0164
1085.9201
1081.7304
1079.3967
1078.8723
1080.1143
1083.0837
1087.7455
1094.0683
1102.0241
1111.5883
1122.7391
1135.4571
1149.7251
1165.5278
1182.8510
1201.6811
1222.0051
1243.8093
1267.0793
1291.7989
1317.9498
1345.5104
1374.4555
1404.7549
1436.3730
1469.2675
1503.3881
1538.6762
1575.0629
1612.4682
1650.7998
1689.9515
1729.8022
1770.2145
1811.0337
1852.0861
1893.1787
1934.0980
1974.6094
2014.4575
2053.3659
2091.0381
2127.1591
2161.3975
2193.4086
2222.8383
2249.3283
2272.5219
2292.0711
2307.6449
2318.9376
2325.6784
2327.6408
2324.6519
2316.6012
2303.4478
2285.2259
2262.0488
2234.1091
2201.6768
2165.0945
2124.7689
2081.1609
2034.7728
1986.1348
1935.7904
1884.2826
1832.1406
1779.8683
1727.9344
1676.7654
1626.7404
1578.1884
1531.3874
1486.5658
1443.9049
1403.5423
1365.5763
1330.0706
1297.0590
1266.5504
1238.5332
1212.9794
1189.8485
1169.0905
1150.6492
1134.4644
1120.4737
1108.6145
1098.8252
1091.0459
1085.2198
1081.2930
1079.2154
1078.9409
1080.4270
1083.6354
1088.5316
1095.0847
1103.2672
1113.0548
1124.4261
1137.3622
1151.8461
1167.8625
1185.3975
1204.4377
1224.9697
1246.9801
1270.4541
1295.3753
1321.7249
1349.4811
1378.6178
1409.1042
1440.9037
1473.9731
1508.2610
1543.7073
1580.2417
1617.7826
1656.2357
1695.4929
1735.4310
1775.9100
1816.7727
1857.8429
1898.9245
1939.8013
1980.2357
2019.9693
2058.7229
2096.1972
2132.0749
2166.0224
2197.6934
2226.7331
2252.7828
2275.4867
2294.4987
2309.4907
2320.1613
2326.2454
2327.5235
2323.8310
2315.0665
2301.1994
2282.2750
2258.4175
2229.8307
2196.7951
2159.6627
2118.8486
2074.8203
2028.0848
1979.1749
1928.6351
1877.0071
1824.8172
1772.5649
1720.7135
1669.6831
1619.8457
1571.5233
1524.9868
1480.4580
1438.1116
1398.0796
1360.4550
1325.2971
1292.6360
1262.4774
1234.8072
1209.5954
1186.7999
1166.3699
1148.2483
1132.3745
1118.6861
1107.1204
1097.6161
1090.1137
1084.5567
1080.8918
1079.0694
1079.0439
1080.7734
1084.2202
1089.3502
1096.1330
1104.5417
1114.5524
1126.1439
1139.2977
1153.9971
1170.2270
1187.9736
1207.2234
1227.9633
1250.1796
1273.8573
1298.9797
1325.5277
1353.4789
1382.8065
1413.4792
1445.4593
1478.7026
1513.1566
1548.7597
1585.4403
1623.1149
1661.6875
1701.0478
1741.0704
1781.6131
1822.5159
1863.5999
1904.6663
1945.4959
1985.8483
2025.4619
2064.0548
2101.3250
2136.9528
2170.6026
2201.9267
2230.5692
2256.1717
2278.3791
2296.8474
2311.2516
2321.2950
2326.7182
2327.3087
2322.9104
2313.4316
2298.8518
2279.2272
2254.6934
2225.4649
2191.8329
2154.1586
2112.8653
2068.4265
2021.3540
1972.1830
1921.4584
1869.7206
1817.4926
1765.2695
1713.5089
1662.6242
1612.9808
1564.8933
1518.6257
1474.3930
1432.3638
1392.6641
1355.3821
1320.5726
1288.2621
1258.4533
1231.1295
1206.2588
1183.7978
1163.6946
1145.8915
1130.3275
1116.9401
1105.6667
1096.4463
1089.2197
1083.9308
1080.5268
1078.9587
1079.1814
1081.1536
1084.8380
1090.2012
1097.2133
1105.8477
1116.0809
1127.8923
1141.2635
1156.1781
1172.6212
1190.5791
1210.0384
1230.9859
1253.4078
1277.2888
1302.6121
1329.3581
1357.5037
1387.0217
1417.8798
1450.0397
1483.4559
1518.0747
1553.8333
1590.6584
1628.4648
1667.1547
1706.6157
1746.7201
1787.3232
1828.2626
1869.3566
1910.4036
1951.1813
1991.4464
2030.9345
2069.3608
2106.4207
2141.7920
2175.1373
2206.1074
2234.3458
2259.4940
2281.1981
2299.1163
2312.9270
2322.3380
2327.0960
2326.9960
2321.8902
2311.6965
2296.4050
2276.0830
2250.8770
2221.0127
2186.7913
2148.5835
2106.8201
2061.9811
2014.5821
1965.1607
1914.2619
1862.4245
1810.1682
1757.9833
1706.3214
1655.5898
1606.1464
1558.2991
1512.3046
1468.3713
1426.6616
1387.2960
1350.3577
1315.8972
1283.9373
1254.4779
1227.4998
1202.9694
1180.8419
1161.0643
1143.5785
1128.3231
1115.2355
1104.2533
1095.3156
1088.3636
1083.3418
1080.1978
1078.8831
1079.3531
1081.5673
1085.4887
1091.0846
1098.3253
1107.1850
1117.6404
1129.6713
1143.2595
1158.3890
1175.0451
1193.2140
1212.8826
1234.0374
1256.6645
1280.7486
1306.2724
1333.2158
1361.5554
1391.2631
1422.3061
1454.6448
1488.2328
1523.0152
1558.9278
1595.8957
1633.8321
1672.6371
1712.1962
1752.3796
1793.0400
1834.0124
1875.1124
1916.1355
1956.8566
1997.0293
2036.3864
2074.6400
2111.4832
2146.5914
2179.6253
2210.2345
2238.0617
2262.7487
2283.9429
2301.3046
2314.5160
2323.2897
2327.3785
2326.5849
2320.7700
2309.8613
2293.8595
2272.8429
2246.9692
2216.4750
2181.6715
2142.9386
2100.7146
2055.4854
2007.7705
1958.1094
1907.0471
1855.1202
1802.8452
1750.7073
1699.1523
1648.5806
1599.3435
1551.7412
1506.0240
1462.3933
1421.0055
1381.9756
1345.3819
1311.2708
1279.6616
1250.5512
1223.9182
1199.7272
1177.9321
1158.4791
1141.3093
1126.3613
1113.5723
1102.8800
1094.2238
1087.5454
1082.7896
1079.9046
1078.8424
1079.5591
1082.0144
1086.1723
1092.0002
1099.4691
1108.5536
1119.2308
1131.4808
1145.2858
1160.6300
1177.4987
1195.8784
1215.7559
1237.1178
1259.9499
1284.2367
1309.9606
1337.1010
1365.6339
1395.5308
1426.7577
1459.2743
1493.0331
1527.9779
1564.0431
1601.1521
1639.2164
1678.1342
1717.7890
1758.0484
1798.7629
1839.7648
1880.8668
1921.8616
1962.5212
2002.5963
2041.8166
2079.8916
2116.5118
2151.3502
2184.0659
2214.3070
2241.7160
2265.9349
2286.6125
2303.4115
2316.0179
2324.1494
2327.5651
2326.0753
2319.5498
2307.9261
2291.2155
2269.5074
2242.9707
2211.8526
2176.4745
2137.2251
2094.5501
2048.9409
2000.9207
1951.0307
1899.8153
1847.8092
1795.5250
1743.4429
1692.0026
1641.5978
1592.5726
1545.2205
1499.7844
1456.4594
1415.3957
1376.7030
1340.4549
1306.6935
1275.4349
1246.6731
1220.3845
1196.5320
1175.0682
1155.9386
1139.0837
1124.4418
1111.9501
1101.5466
1093.1708
1086.7649
1082.2741
1079.6472
1078.8367
1079.7991
1082.4950
1086.8886
1092.9479
1100.6446
1109.9534
1120.8520
1133.3208
1147.3423
1162.9008
1179.9819
1198.5722
1218.6584
1240.2270
1263.2638
1287.7530
1313.6765
1341.0135
1369.7392
1399.8245
1431.2346
1463.9283
1497.8567
1532.9626
1569.1788
1606.4272
1644.6176
1683.6459
1723.3937
1763.7263
1804.4915
1845.5191
1886.6191
1927.5812
1968.1744
2008.1465
2047.2244
2085.1148
2121.5054
2156.0674
2188.4579
2218.3241
2245.3078
2269.0517
2289.2059
2305.4362
2317.4321
2324.9166
2327.6555
2325.4668
2318.2295
2305.8910
2288.4734
2266.0771
2238.8822
2207.1465
2171.2015
2131.4444
2088.3280
2042.3491
1994.0343
1943.9259
1892.5680
1840.4928
1788.2088
1736.1911
1684.8732
1634.6420
1585.8347
1538.7373
1493.5862
1450.5698
1409.8325
1371.4784
1335.5766
1302.1654
1271.2572
1242.8435
1216.8985
1193.3836
1172.2502
1153.4427
1136.9015
1122.5645
1110.3689
1100.2530
1092.1565
1086.0220
1081.7952
1079.4254
1078.8657
1080.0732
1083.0089
1087.6376
1093.9278
1101.8517
1111.3844
1122.5040
1135.1913
1149.4289
1165.2015
1182.4947
1201.2953
1221.5899
1243.3650
1266.6062
1291.2974
1317.4202
1344.9532
1373.8712
1404.1443
1435.7368
1468.6064
1502.7034
1537.9691
1574.3348
1611.7209
1650.0351
1689.1717
1729.0099
1769.4126
1810.2253
1851.2749
1892.3687
1933.2936
1973.8155
2013.6793
2052.6090
2090.3085
2126.4632
2160.7421
2192.8005
2222.2846
2248.8360
2272.0980
2291.7224
2307.3777
2318.7576
2325.5906
2327.6491
2324.7592
2316.8091
2303.7562
2285.6335
2262.5526
2234.7045
2202.3578
2165.8537
2125.5977
2082.0497
2035.7115
1987.1126
1936.7967
1885.3067
1833.1723
1780.8979
1728.9531
1677.7652
1627.7143
1579.1303
1532.2924
1487.4299
1444.7250
1404.3160
1366.3020
1330.7473
1297.6863
1267.1284
1239.0623
1213.4603
1190.2820
1169.4777
1150.9913
1134.7625
1120.7291
1108.8285
1098.9989
1091.1806
1085.3164
1081.3526
1079.2390
1078.9293
1080.3811
1083.5559
1088.4191
1094.9397
1103.0903
1112.8465
1124.1868
1137.0921
1151.5456
1167.5320
1185.0371
1204.0477
1224.5504
1246.5318
1269.9770
1294.8698
1321.1915
1348.9201
1378.0298
1408.4899
1440.2640
1473.3087
1507.5731
1542.9972
1579.5109
1617.0328
1655.4689
1694.7114
1734.6372
1775.1070
1815.9638
1857.0316
1898.1151
1938.9981
1979.4437
2019.1937
2057.9694
2095.4720
2131.3843
2165.3732
2197.0925
2226.1876
2252.2997
2275.0730
2294.1611
2309.2354
2319.9940
2326.1709
2327.5456
2323.9523
2315.2884
2301.5218
2282.6963
2258.9344
2230.4385
2197.4875
2160.4321
2119.6864
2075.7167
2029.0295
1980.1573
1929.6444
1878.0328
1825.8491
1773.5935
1721.7300
1670.6796
1620.8154
1572.4603
1525.8863
1481.3161
1438.9253
1398.8465
1361.1738
1325.9669
1293.2564
1263.0485
1235.3295
1210.0695
1187.2269
1166.7507
1148.5841
1132.6666
1118.9356
1107.3287
1097.7843
1090.2430
1084.6481
1080.9464
1079.0881
1079.0275
1080.7228
1084.1360
1089.2331
1095.9836
1104.3605
1114.3397
1125.9002
1139.0234
1153.6924
1169.8923
1187.6090
1206.8293
1227.5400
1249.7272
1273.3762
1298.4703
1324.9904
1352.9141
1382.2149
1412.8613
1444.8161
1478.0349
1512.4655
1548.0467
1584.7067
1622.3626
1660.9184
1700.2644
1740.2752
1780.8091
1821.7064
1862.7887
1903.8575
1944.6940
1985.0582
2024.6891
2063.3049
2100.6043
2136.2676
2169.9598
2201.3332
2230.0321
2255.6979
2277.9757
2296.5209
2311.0083
2321.1404
2326.6569
2327.3445
2323.0458
2313.6676
2299.1881
2279.6621
2255.2233
2226.0850
2192.5365
2154.9381
2113.7117
2069.3303
2022.3046
1973.1698
1922.4706
1870.7477
1818.5245
1766.2968
1714.5229
1663.6173
1613.9462
1565.8253
1519.5196
1475.2450
1433.1709
1393.4243
1356.0940
1321.2354
1288.8756
1259.0175
1231.6449
1206.7262
1184.2182
1164.0690
1146.2211
1130.6135
1117.1838
1105.8693
1096.6090
1089.3436
1084.0169
1080.5763
1078.9724
1079.1601
1081.0982
1084.7492
1090.0796
1097.0594
1105.6620
1115.8639
1127.6443
1140.9849
1155.8692
1172.2823
1190.2104
1209.6402
1230.5585
1252.9514
1276.8038
1302.0988
1328.8169
1356.9351
1386.4264
1417.2584
1449.3930
1482.7849
1517.3805
1553.1173
1589.9221
1627.7101
1666.3835
1705.8305
1745.9235
1786.5183
1827.4527
1868.5455
1909.5955
1950.3808
1990.6585
2030.1646
2068.6147
2105.7046
2141.1124
2174.5009
2205.5213
2233.8171
2259.0297
2280.8051
2298.8012
2312.6958
2322.1962
2327.0482
2327.0456
2322.0396
2311.9466
2296.7553
2276.5314
2251.4199
2221.6448
2187.5061
2149.3729
2107.6752
2062.8920
2015.5384
1966.1517
1915.2768
1863.4528
1811.2000
1759.0091
1707.3329
1656.5793
1607.1074
1559.2259
1513.1928
1469.2172
1427.4623
1388.0495
1351.0627
1316.5531
1284.5438
1255.0352
1228.0085
1203.4302
1181.2558
1161.4324
1143.9019
1128.6031
1115.4734
1104.4503
1095.4728
1088.4822
1083.4227
1080.2422
1078.8918
1079.3271
1081.5072
1085.3953
1090.9584
1098.1670
1106.9949
1117.4190
1129.4190
1142.9767
1158.0760
1174.7020
1192.8412
1212.4803
1233.6060
1256.2042
1280.2597
1305.7552
1332.6708
1360.9831
1390.6642
1421.6811
1453.9946
1487.5585
1522.3179
1558.2089
1595.1568
1633.0750
1671.8638
1711.4093
1751.5817
1792.2342
1833.2022
1874.3016
1915.3283
1956.0576
1996.2436
2035.6195
2073.8978
2110.7719
2145.9175
2178.9957
2209.6561
2237.5416
2262.2940
2283.5604
2301.0009
2314.2970
2323.1608
2327.3441
2326.6484
2320.9335
2310.1255
2294.2237
2273.3048
2247.5249
2217.1190
2182.3972
2143.7377
2101.5781
2056.4032
2008.7322
1959.1043
1908.0644
1856.1496
1803.8766
1751.7316
1700.1611
1649.5665
1600.2999
1552.6629
1506.9064
1463.2329
1421.7997
1382.7224
1346.0801
1311.9197
1280.2612
1251.1016
1224.4200
1200.1813
1178.3394
1158.8408
1141.6266
1126.6353
1113.8043
1103.0713
1094.3755
1087.6586
1082.8654
1079.9440
1078.8463
1079.5282
1081.9497
1086.0742
1091.8695
1099.3063
1108.3591
1119.0051
1131.2242
1144.9988
1160.3127
1177.1515
1195.5015
1215.3496
1236.6823
1259.4855
1283.7438
1309.4395
1336.5522
1365.0579
1394.9282
1426.1292
1458.6208
1492.3556
1527.2776
1563.3213
1600.4106
1638.4570
1677.3590
1717.0005
1757.2493
1797.9564
1838.9543
1880.0562
1921.0553
1961.7238
2001.8129
2041.0528
2079.1534
2115.8053
2150.6821
2183.4430
2213.7364
2241.2047
2265.4900
2286.2407
2303.1194
2315.8113
2324.0335
2327.5443
2326.1527
2319.7274
2308.2044
2291.5936
2269.9827
2243.5391
2212.5085
2177.2109
2138.0337
2095.4218
2049.8655
2001.8877
1952.0293
1900.8348
1848.8393
1796.5559
1744.4654
1693.0085
1642.5798
1593.5245
1546.1368
1500.6609
1457.2927
1416.1833
1377.4430
1341.1461
1307.3355
1276.0275
1247.2166
1220.8796
1196.9795
1175.4691
1156.2940
1139.3948
1124.7099
1112.1764
1101.7322
1093.3170
1086.8728
1082.3447
1079.6815
1078.8356
1079.7635
1082.4255
1086.7859
1092.8127
1100.4773
1109.7545
1120.6220
1133.0600
1147.0510
1162.5793
1179.6305
1198.1911
1218.2479
1239.7875
1262.7954
1287.2561
1313.1515
1340.4609
1369.1595
1399.2183
1430.6026
1463.2713
1497.1759
1532.2592
1568.4542
1605.6831
1643.8558
1682.8687
1722.6035
1762.9259
1803.6842
1844.7084
1885.8089
1926.7759
1967.3787
2007.3656
2046.4639
2084.3806
2120.8039
2155.4053
2187.8420
2217.7613
2244.8054
2268.6166
2288.8449
2305.1556
2317.2378
2324.8137
2327.6482
2325.5582
2318.4212
2306.1833
2288.8652
2266.5657
2239.4631
2207.8141
2171.9485
2132.2624
2089.2076
2043.2802
1995.0063
1944.9280
1893.5896
1841.5235
1789.2390
1737.2117
1685.8761
1635.6202
1586.7818
1539.6483
1494.4568
1451.3968
1410.6134
1372.2116
1336.2610
1302.8004
1271.8429
1243.3801
1217.3869
1193.8245
1172.6446
1153.7918
1137.2065
1122.8266
1110.5894
1100.4330
1092.2972
1086.1246
1081.8607
1079.4547
1078.8597
1080.0328
1082.9347
1087.5303
1093.7881
1101.6800
1111.1812
1122.2697
1134.9262
1149.1334
1164.8758
1182.1392
1200.9101
1221.1754
1242.9214
1266.1338
1290.7966
1316.8913
1344.3968
1373.2877
1403.5344
1435.1012
1467.9461
1502.0195
1537.2627
1573.6074
1610.9742
1649.2711
1688.3926
1728.2182
1768.6112
1809.4174
1850.4641
1891.5590
1932.4893
1973.0215
2012.9009
2051.8518
2089.5786
2125.7669
2160.0860
2192.1916
2221.7299
2248.3426
2271.6729
2291.3723
2307.1090
2318.5759
2325.5009
2327.6555
2324.8645
2317.0148
2304.0626
2286.0391
2263.0544
2235.2979
2203.0370
2166.6111
2126.4249
2082.9371
2036.6489
1988.0895
1937.8021
1886.3301
1834.2035
1781.9272
1729.9716
1678.7650
1628.6884
1580.0726
1533.1979
1488.2946
1445.5456
