667.0000
682.8934
697.9668
712.0473
724.9712
736.5940
746.7886
755.4507
762.5008
767.8853
771.5773
773.5754
773.9029
772.6051
769.7467
765.4094
759.6882
752.6883
744.5225
735.3078
725.1634
714.2080
702.5582
690.3272
677.6230
664.5480
651.1981
637.6625
624.0234
610.3560
596.7286
583.2026
569.8333
556.6698
543.7556
531.1288
518.8229
506.8670
495.2859
484.1014
473.3316
462.9922
453.0964
443.6551
434.6778
426.1723
418.1453
410.6026
403.5493
396.9901
390.9293
385.3715
380.3211
375.7830
371.7626
368.2658
365.2994
362.8710
360.9893
359.6639
358.9058
358.7272
359.1415
360.1635
361.8094
364.0963
367.0430
370.6687
374.9937
380.0389
385.8250
392.3724
399.7007
407.8273
416.7675
426.5325
437.1288
448.5569
460.8094
473.8699
487.7111
502.2934
517.5634
533.4522
549.8751
566.7304
583.8994
601.2476
618.6250
635.8692
652.8076
669.2615
685.0495
699.9930
713.9202
726.6711
738.1020
748.0887
756.5303
763.3509
768.5006
771.9560
773.7195
773.8173
772.2977
769.2281
764.6920
758.7861
751.6170
743.2980
733.9466
723.6821
712.6231
700.8857
688.5825
675.8206
662.7018
649.3209
635.7662
622.1189
608.4531
594.8363
581.3291
567.9857
554.8545
541.9781
529.3942
517.1355
505.2304
493.7035
482.5757
471.8650
461.5868
451.7536
442.3765
433.4645
425.0254
417.0655
409.5908
402.6060
396.1160
390.1251
384.6377
379.6584
375.1922
371.2443
367.8211
364.9291
362.5764
360.7715
359.5245
358.8464
358.7496
359.2477
360.3556
362.0898
364.4675
367.5076
371.2295
375.6537
380.8008
386.6918
393.3469
400.7854
409.0245
418.0790
427.9596
438.6720
450.2155
462.5818
475.7529
489.7000
504.3817
519.7423
535.7110
552.2005
569.1069
586.3093
603.6707
621.0395
638.2515
655.1332
671.5051
687.1860
701.9978
715.7703
728.3454
739.5819
749.3588
757.5785
764.1685
769.0829
772.3019
773.8312
773.7002
771.9602
768.6809
763.9480
757.8595
750.5232
742.0533
732.5676
722.1854
711.0250
699.2022
686.8287
674.0113
660.8504
647.4402
633.8680
620.2138
606.5511
592.9461
579.4586
566.1421
553.0440
540.2063
527.6659
515.4549
503.6011
492.1286
481.0580
470.4068
460.1898
450.4197
441.1069
432.2604
423.8877
415.9951
408.5884
401.6723
395.2516
389.3306
383.9138
379.0057
374.6113
370.7362
367.3866
364.5693
362.2924
360.5646
359.3962
358.7983
358.7836
359.3657
360.5599
362.3827
364.8516
367.9855
371.8040
376.3277
381.5773
387.5735
394.3366
401.8857
410.2377
419.4067
429.4029
440.2313
451.8902
464.3699
477.6511
491.7034
506.4832
521.9331
537.9799
554.5342
571.4894
588.7224
606.0942
623.4511
640.6276
657.4490
673.7353
689.3056
703.9825
717.5972
729.9938
741.0336
750.5987
758.5950
764.9537
769.6324
772.6149
773.9106
773.5519
771.5928
768.1055
763.1775
756.9086
749.4074
740.7889
731.1711
720.6735
709.4139
697.5079
685.0663
672.1952
658.9941
645.5563
631.9681
618.3086
604.6501
591.0581
577.5914
564.3026
551.2385
538.4402
525.9439
513.7811
501.9791
490.5615
479.5484
468.9569
458.8015
449.0946
439.8463
431.0654
422.7592
414.9341
407.5954
400.7482
394.3969
388.5459
383.1996
378.3628
374.0405
370.2383
366.9624
364.2199
362.0190
360.3686
359.2790
358.7616
358.8291
359.4957
360.7765
362.6882
365.2486
368.4767
372.3923
377.0159
382.3682
388.4702
395.3417
403.0017
411.4667
420.7505
430.8625
441.8069
453.5809
466.1737
479.5644
493.7209
508.5979
524.1357
540.2589
556.8757
573.8773
591.1383
608.5175
625.8594
642.9969
659.7545
675.9518
691.4080
705.9467
719.4006
731.6159
742.4566
751.8081
759.5797
765.7062
770.1488
772.8952
773.9578
773.3724
771.1957
767.5021
762.3810
755.9337
748.2699
739.5050
729.7575
719.1467
707.7902
695.8031
683.2955
670.3726
657.1332
643.6694
630.0667
616.4032
602.7503
589.1724
575.7276
562.4675
549.4381
536.6798
524.2282
512.1142
500.3646
489.0022
478.0469
467.5154
457.4219
447.7783
438.5947
429.8795
421.6401
413.8824
406.6120
399.8336
393.5518
387.7709
382.4954
377.7300
373.4798
369.7505
366.5486
363.8811
361.7563
360.1834
359.1728
358.7362
358.8864
359.6375
361.0053
363.0063
365.6586
368.9813
372.9943
377.7182
383.1738
389.3818
396.3621
404.1334
412.7118
422.1105
432.3384
443.3987
455.2877
467.9931
481.4927
495.7526
510.7256
526.3498
542.5476
559.2249
576.2705
593.5567
610.9402
628.2638
645.3590
662.0493
678.1540
693.4926
707.8899
721.1799
733.2113
743.8508
752.9869
760.5325
766.4259
770.6324
773.1427
773.9730
773.1620
770.7690
766.8708
761.5587
754.9351
747.1108
738.2019
728.3270
717.6053
706.1542
694.0881
681.5165
668.5438
655.2678
641.7798
628.1641
614.4980
600.8519
587.2893
573.8672
560.6367
547.6428
534.9253
522.5191
510.4544
498.7574
487.4507
476.5536
466.0823
456.0509
446.4708
437.3521
428.7029
420.5302
412.8402
405.6381
398.9287
392.7164
387.0057
381.8010
377.1071
372.9292
369.2730
366.1451
363.5527
361.5043
360.0091
359.0778
358.7222
358.9553
359.7914
361.2464
363.3371
366.0817
369.4994
373.6102
378.4348
383.9941
390.3085
397.3980
405.2808
413.9728
423.4867
433.8305
445.0067
457.0104
469.8280
483.4359
497.7983
512.8660
528.5752
544.8458
561.5814
578.6685
595.9771
613.3618
630.6639
647.7133
664.3328
680.3414
695.5591
709.8116
722.9348
734.7797
745.2157
754.1348
761.4531
767.1130
771.0829
773.3576
773.9563
772.9208
770.3131
766.2121
760.7108
753.9132
745.9307
736.8800
726.8800
716.0497
704.5062
692.3632
679.7297
666.7090
653.3982
639.8875
626.2604
612.5931
598.9550
585.4087
572.0105
558.8104
545.8528
533.1768
520.8165
508.8016
497.1578
485.9071
475.0684
464.6577
454.6886
445.1723
436.1185
427.5354
419.4297
411.8074
404.6737
398.0333
391.8907
386.2502
381.1165
376.4942
372.3887
368.8057
365.7520
363.2349
361.2630
359.8458
358.9940
358.7196
359.0359
359.9573
361.4998
363.6806
366.5178
370.0309
374.2400
379.1657
384.8290
391.2503
398.4493
406.4440
415.2499
424.8791
435.3389
446.6308
458.7490
471.6784
485.3939
499.8578
515.0191
530.8116
547.1531
563.9448
581.0709
598.3991
615.7821
633.0592
650.0594
666.6045
682.5135
697.6069
711.7114
724.6650
736.3207
746.5513
755.2516
762.3416
767.7671
771.5005
773.5399
773.9078
772.6491
769.8281
765.5261
759.8377
752.8681
744.7297
735.5396
725.4168
714.4802
702.8465
690.6287
677.9352
664.8685
651.5246
637.9929
624.3558
610.6887
597.0598
583.5310
570.1576
556.9888
544.0683
531.4343
519.1205
507.1559
495.5657
484.3714
473.5915
463.2416
453.3350
443.8827
434.8941
426.3771
418.3385
410.7840
403.7188
397.1476
391.0747
385.5046
380.4419
375.8913
371.8583
368.3487
365.3693
362.9277
361.0325
359.6935
358.9214
358.7285
359.1282
360.1353
361.7657
364.0368
366.9671
370.5760
374.8837
379.9110
385.6787
392.2073
399.5162
407.6231
416.5431
426.2877
436.8635
448.2712
460.5035
473.5442
487.3665
501.9310
517.1845
533.0588
549.4694
566.3149
583.4774
600.8223
618.2003
635.4493
652.3967
668.8640
684.6699
699.6355
713.5890
726.3700
737.8341
747.8571
756.3371
763.1977
768.3884
771.8852
773.6897
773.8277
772.3469
769.3143
764.8131
758.9397
751.8003
743.5083
734.1811
723.9378
712.8971
701.1753
688.8849
676.1334
663.0225
649.6473
636.0962
622.4506
608.7849
595.1665
581.6562
568.3085
555.1719
542.2892
529.6980
517.4312
505.5174
493.9812
482.8437
472.1229
461.8341
451.9902
442.6020
433.6787
425.2281
417.2566
409.7701
402.7735
396.2715
390.2684
384.7688
379.7772
375.2984
371.3380
367.9019
364.9970
362.6311
360.8128
359.5522
358.8601
358.7490
359.2324
360.3254
362.0441
364.4059
367.4296
371.1347
375.5415
380.6708
386.5433
393.1795
400.5986
408.8180
417.8523
427.7125
438.4044
449.9276
462.2738
475.4253
489.3537
504.0177
519.3622
535.3166
551.7942
568.6913
585.8876
603.2463
620.6163
637.8336
654.7249
671.1107
686.8100
701.6446
715.4438
728.0494
739.3196
749.1329
757.3912
764.0214
768.9767
772.2369
773.8071
773.7161
772.0146
768.7720
764.0735
758.0170
750.7101
742.2666
732.8046
722.4431
711.3007
699.4930
687.1321
674.3246
661.1713
647.7665
634.1976
620.5449
606.8819
593.2751
579.7844
566.4635
553.3598
540.5157
527.9679
515.7487
503.8862
492.4044
481.3240
470.6626
460.4351
450.6542
441.3303
432.4725
424.0883
416.1842
408.7656
401.8377
395.4050
389.4719
384.0429
379.1224
374.7156
370.8279
367.4655
364.6352
362.3451
360.6040
359.4219
358.8100
358.7810
359.3485
360.5276
362.3349
364.7879
367.9054
371.7071
376.2133
381.4450
387.4228
394.1670
401.6966
410.0288
419.1777
429.1536
439.9616
451.6002
464.0599
477.3217
491.3553
506.1178
521.5518
537.5847
554.1273
571.0737
588.3010
605.6707
623.0293
640.2117
657.0433
673.3442
688.9334
703.6336
717.2755
729.7029
740.7768
750.3786
758.4136
764.8125
769.5321
772.5558
773.8921
773.5731
771.6522
768.2012
763.3073
757.0700
749.5977
741.0052
731.4106
720.9333
709.6912
697.7999
685.3705
672.5089
659.3152
645.8824
632.2972
618.6389
604.9800
591.3860
577.9159
564.6226
551.5527
538.7478
526.2441
514.0731
502.2623
490.8354
479.8124
469.2107
459.0448
449.3269
440.0676
431.2754
422.9578
415.1211
407.7707
400.9116
394.5483
388.6852
383.3267
378.4776
374.1428
370.3280
367.0393
364.2839
362.0698
360.4059
359.3026
358.7713
358.8245
359.4764
360.7421
362.6383
365.1828
368.3945
372.2932
376.8993
382.2337
388.3172
395.1698
402.8103
411.2556
420.5193
430.6110
441.5350
453.2888
465.8616
479.2331
493.3712
508.2310
523.7532
539.8628
556.4684
573.4616
590.7174
608.0949
625.4391
642.5831
659.3515
675.5639
691.0397
705.6021
719.0837
731.3302
742.2053
751.5938
759.4043
765.5710
770.0546
772.8419
773.9450
773.3990
771.2601
767.6024
762.5150
756.0988
748.4634
739.7241
729.9994
719.4084
708.0691
696.0962
683.6004
670.6868
657.4543
643.9953
630.3954
616.7329
603.0792
589.4991
576.0507
562.7859
549.7507
536.9858
524.5266
512.4044
500.6458
489.2741
478.3089
467.7671
457.6630
448.0086
438.8139
430.0875
421.8366
414.0674
406.7852
399.9950
393.7011
387.9082
382.6205
377.8428
373.5801
369.8383
366.6235
363.9431
361.8051
360.2188
359.1945
358.7439
358.8798
359.6162
360.9689
362.9544
365.5908
368.8970
372.8931
377.5995
383.0371
389.2266
396.1879
403.9397
412.4983
421.8770
432.0846
443.1246
454.9934
467.6791
481.1596
495.4012
510.3573
525.9662
542.1508
558.8172
575.8549
593.1363
610.5187
627.8452
644.9474
661.6490
677.7695
693.1282
707.5497
720.8679
732.9309
743.6051
752.7784
760.3630
766.2967
770.5440
773.0952
773.9658
773.1939
770.8384
766.9758
761.6969
755.1040
747.3077
738.4239
728.5713
717.8690
706.4346
694.3824
681.8221
668.8583
655.5889
642.1054
628.4922
614.8269
601.1798
587.6148
574.1891
560.9537
547.9538
535.2295
522.8157
510.7426
499.0367
487.7206
476.8135
466.3320
456.2900
446.6991
437.5692
428.9088
420.7247
413.0231
405.8092
399.0880
392.8637
387.1410
381.9241
377.2179
373.0275
369.3588
366.2181
363.6128
361.5511
360.0426
359.0976
358.7279
358.9467
359.7681
361.2079
363.2831
366.0117
369.4129
373.5068
378.3139
383.8551
390.1511
397.2215
405.0849
413.7571
423.2509
433.5745
444.7304
456.7140
469.5120
483.1009
497.4453
512.4964
528.1905
544.4482
561.1734
578.2529
595.5573
612.9415
630.2470
647.3040
663.9354
679.9603
695.1986
709.4759
722.6277
734.5046
744.9756
753.9321
761.2896
766.9897
771.0004
773.3158
773.9546
772.9579
770.3874
766.3215
760.8531
754.0857
746.1307
737.1047
727.1266
716.3153
704.7880
692.6585
680.0360
667.0238
653.7193
640.2128
626.5880
612.9211
599.2819
585.7331
572.3310
559.1259
546.1623
533.4793
521.1112
509.0879
497.4351
486.1750
475.3264
464.9054
454.9256
445.3985
436.3336
427.7392
419.6221
411.9882
404.8428
398.1906
392.0360
386.3835
381.2376
376.6030
372.4850
368.8895
365.8230
363.2930
361.3079
359.8773
359.0118
358.7234
359.0253
359.9320
361.4594
363.6245
366.4458
369.9424
374.1344
379.0426
384.6879
391.0906
398.2706
406.2459
415.0320
424.6411
435.0807
446.3524
458.4506
471.3605
485.0571
499.5032
514.6481
530.4259
546.7549
563.5366
580.6556
597.9800
615.3630
632.6441
649.6524
666.2100
682.1359
697.2505
711.3803
724.3628
736.0510
746.3168
755.0547
762.1839
767.6498
771.4239
773.5038
773.9116
772.6914
769.9072
765.6400
759.9840
753.0442
744.9329
735.7670
725.6656
714.7475
703.1296
690.9250
678.2421
665.1836
651.8457
638.3179
624.6828
611.0158
597.3856
583.8541
570.4766
557.3027
544.3760
531.7351
519.4134
507.4404
495.8411
484.6373
473.8475
463.4873
453.5700
444.1068
435.1071
426.5789
418.5288
410.9628
403.8859
397.3028
391.2180
385.6359
380.5610
375.9982
371.9527
368.4305
365.4384
362.9838
361.0755
359.7230
358.9372
358.7303
359.1157
360.1079
361.7232
363.9788
366.8930
370.4853
374.7760
379.7858
385.5354
392.0454
399.3352
407.4226
416.3229
426.0474
436.6031
447.9906
460.2030
473.2244
487.0280
501.5749
516.8123
532.6721
549.0705
565.9065
583.0623
600.4040
617.7826
635.0360
651.9922
668.4725
684.2959
699.2832
713.2624
726.0728
737.5698
747.6282
756.1460
763.0460
768.2770
771.8144
773.6593
773.8369
772.3943
769.3982
764.9314
759.0899
751.9799
743.7145
734.4110
724.1887
713.1661
701.4597
689.1821
676.4409
663.3378
649.9683
636.4208
622.7769
609.1112
595.4912
581.9780
568.6262
555.4843
542.5953
529.9970
517.7223
505.8000
494.2547
483.1076
472.3768
462.0777
452.2231
442.8241
433.8897
425.4278
417.4449
409.9468
402.9386
396.4247
390.4098
384.8981
379.8944
375.4033
371.4305
367.9818
365.0642
362.6853
360.8538
359.5797
358.8739
358.7488
359.2178
360.2960
361.9995
364.3458
367.3534
371.0419
375.4316
380.5433
386.3978
393.0154
400.4154
408.6153
417.6299
427.4700
438.1418
449.6450
461.9713
475.1036
489.0135
503.6601
518.9887
534.9290
551.3948
568.2827
585.4728
602.8288
620.1998
637.4223
654.3228
670.7223
686.4397
701.2964
715.1219
727.7573
739.0606
748.9098
757.2059
763.8755
768.8712
772.1720
773.7823
773.7306
772.0670
768.8605
764.1960
758.1711
750.8931
742.4758
733.0371
722.6961
711.5714
699.7787
687.4301
674.6325
661.4868
648.0873
634.5217
620.8705
607.2073
593.5988
580.1050
566.7797
553.6707
540.8201
528.2651
516.0380
504.1669
492.6760
481.5860
470.9145
460.6767
450.8851
441.5503
432.6815
424.2860
416.3704
408.9404
402.0008
395.5563
389.6113
384.1702
379.2376
374.8185
370.9184
367.5434
364.7004
362.3973
360.6430
359.4475
358.8219
358.7788
359.3319
360.4963
362.2884
364.7257
367.8271
371.6122
376.1013
381.3153
387.2750
394.0006
401.5112
409.8239
418.9530
428.9089
439.6968
451.3154
463.7554
476.9981
491.0134
505.7587
521.1771
537.1963
553.7274
570.6650
587.8867
605.2541
622.6144
639.8024
656.6439
672.9590
688.5668
703.2897
716.9583
729.4160
740.5232
750.1611
758.2342
764.6726
769.4325
772.4966
773.8729
773.5930
771.7097
768.2944
763.4341
757.2278
749.7840
741.2172
731.6456
721.1883
709.9635
698.0868
685.6693
672.8173
659.6307
646.2031
632.6209
618.9639
605.3045
591.7085
578.2352
564.9374
551.8620
539.0506
526.5395
514.3605
502.5411
491.1049
480.0723
469.4606
459.2843
449.5558
440.2856
431.4823
423.1534
415.3053
407.9434
401.0726
394.6975
388.8225
383.4521
378.5909
374.2438
370.4166
367.1153
364.3472
362.1201
360.4431
359.3263
358.7812
358.8204
359.4578
360.7088
362.5898
365.1186
368.3141
372.1962
376.7851
382.1019
388.1672
395.0012
402.6227
411.0484
420.2923
430.3641
441.2681
453.0019
465.5552
478.9077
493.0277
507.8706
523.3774
539.4736
556.0681
573.0529
590.3035
607.6794
625.0257
642.1759
658.9547
675.1820
690.6768
705.2625
718.7712
731.0484
741.9573
751.3820
759.2307
765.4369
769.9608
772.7884
773.9313
773.4241
771.3225
767.7002
762.6460
756.2605
748.6531
739.9390
730.2367
719.6654
708.3429
696.3842
683.9000
670.9955
657.7699
644.3157
630.7186
617.0570
603.4028
589.8206
576.3687
563.0993
550.0584
537.2868
524.8203
512.6899
500.9227
489.5417
478.5668
468.0150
457.9005
448.2354
439.0298
430.2924
422.0302
414.2496
406.9559
400.1540
393.8484
388.0436
382.7439
377.9540
373.6792
369.9249
366.6976
364.0044
361.8535
360.2540
359.2163
358.7519
358.8737
359.5957
360.9335
362.9038
365.5245
368.8145
372.7939
377.4832
382.9031
389.0744
396.0171
403.7498
412.2890
421.6479
431.8355
442.8555
454.7045
467.3707
480.8324
495.0561
509.9954
525.5893
541.7608
558.4165
575.4462
592.7230
610.1042
627.4333
644.5423
661.2550
677.3908
692.7692
707.2144
720.5602
732.6543
743.3625
752.5723
760.1952
766.1685
770.4560
773.0474
773.9576
773.2242
770.9057
767.0781
761.8319
755.2693
747.5005
738.6415
728.8110
718.1279
706.7099
694.6714
682.1224
669.1674
655.9046
642.4255
628.8149
615.1503
601.5023
587.9350
574.5057
561.2655
548.2599
535.5289
523.1076
511.0263
499.3117
487.9863
477.0695
466.5779
456.5254
446.9239
437.7831
429.1116
420.9162
413.2032
405.9779
399.2450
393.0090
387.2744
382.0455
377.3272
373.1246
369.4435
366.2902
363.6722
361.5976
360.0758
359.1174
358.7340
358.9386
359.7456
361.1706
363.2305
365.9434
369.3284
373.4055
378.1955
383.7190
389.9967
397.0485
404.8928
413.5455
423.0196
433.3232
444.4592
456.4231
469.2018
482.7720
497.0986
512.1332
527.8125
544.0575
560.7723
577.8444
595.1446
612.5281
629.8368
646.9012
663.5442
679.5850
694.8435
709.1450
722.3249
734.2332
744.7386
753.7317
761.1276
766.8674
770.9182
773.2737
773.9518
772.9934
770.4595
766.4283
760.9922
754.2545
746.3267
737.3251
727.3685
716.5759
705.0647
692.9486
680.3369
667.3332
654.0349
640.5327
626.9100
613.2437
599.6034
586.0521
572.6463
559.4362
546.4667
533.7770
521.4013
509.3698
497.7082
486.4387
475.5804
465.1493
455.1591
445.6213
436.5455
427.9400
419.8116
412.1664
405.0094
398.3456
392.1793
386.5150
381.3571
376.7104
372.5802
368.9723
365.8933
363.3505
361.3525
359.9086
359.0297
358.7275
359.0153
359.9075
361.4200
363.5699
366.3754
369.8557
374.0311
378.9221
384.5495
390.9341
398.0954
406.0515
414.8181
424.4075
434.8272
446.0791
458.1576
471.0483
484.7264
499.1550
514.2836
530.0469
546.3635
563.1353
580.2472
597.5679
614.9508
632.2356
649.2519
665.8217
681.7641
696.8993
711.0539
724.0649
735.7848
746.0852
754.8600
762.0278
767.5333
771.3475
773.4673
773.9142
772.7319
769.9841
765.7511
760.1270
753.2166
745.1319
735.9900
725.9097
715.0100
703.4077
691.2160
678.5436
665.4932
652.1612
638.6374
625.0043
611.3376
597.7061
584.1719
570.7905
557.6116
544.6789
532.0310
519.7017
507.7204
496.1122
484.8991
474.0995
463.7291
453.8014
444.3276
435.3170
426.7776
418.7164
411.1389
404.0505
397.4559
391.3593
385.7654
380.6785
376.1036
372.0459
368.5114
365.5067
363.0394
361.1181
359.7524
358.9532
358.7325
359.1037
360.0815
361.6819
363.9221
366.8205
370.3966
374.6705
379.6630
385.3949
391.8867
399.1578
407.2261
416.1068
425.8117
436.3475
447.7152
459.9081
472.9104
486.6956
501.2251
516.4465
532.2922
548.6785
565.5050
582.6542
599.9927
617.3716
634.6294
651.5941
668.0872
683.9276
698.9361
712.9405
725.7798
737.3089
747.4022
755.9571
762.8957
768.1663
771.7437
773.6283
773.8448
772.4399
769.4798
765.0468
759.2368
752.1557
743.9165
734.6366
724.4349
713.4303
701.7391
689.4740
676.7429
663.6477
650.2837
636.7399
623.0978
609.4321
595.8107
582.2946
568.9387
555.7916
542.8965
530.2912
518.0088
506.0781
494.5239
483.3674
472.6268
462.3175
452.4525
443.0428
434.0975
425.6245
417.6304
410.1210
403.1012
396.5758
390.5491
385.0256
380.0099
375.5068
371.5218
368.0608
365.1306
362.7389
360.8946
359.6072
358.8879
358.7490
359.2039
360.2676
361.9562
364.2871
367.2789
370.9511
375.3240
380.4184
386.2551
392.8544
400.2357
408.4165
417.4116
427.2321
437.8841
449.3675
461.6744
474.7877
488.6794
503.3089
518.6217
534.5482
551.0023
567.8811
585.0651
602.4183
619.7903
637.0176
653.9272
670.3400
686.0749
700.9535
714.8046
727.4693
738.8051
748.6893
757.0228
763.7311
768.7664
772.1070
773.7569
773.7439
772.1176
768.9467
764.3156
758.3218
751.0723
742.6808
733.2651
722.9444
711.8371
700.0593
687.7229
674.9351
661.7968
648.4027
634.8404
621.1907
607.5274
593.9172
580.4203
567.0908
553.9765
541.1197
528.5576
516.3227
504.4431
492.9432
481.8438
471.1625
460.9145
451.1124
441.7670
432.8872
424.4807
416.5539
409.1125
402.1614
395.7053
389.7486
384.2957
379.3513
374.9201
371.0078
367.6204
364.7649
362.4491
360.6818
359.4731
358.8340
358.7771
359.3160
360.4659
362.2430
364.6650
367.7506
371.5193
375.9916
381.1883
387.1302
393.8375
401.3293
409.6229
418.7326
428.6688
439.4370
451.0359
463.4566
476.6804
490.6777
505.4061
520.8090
536.8146
553.3344
570.2633
587.4793
604.8445
622.2062
639.3997
656.2508
672.5798
688.2057
702.9509
716.6456
729.1330
740.2730
749.9463
758.0568
764.5339
769.3334
772.4373
773.8530
773.6115
771.7652
768.3852
763.5579
757.3823
749.9665
741.4251
731.8760
721.4385
710.2308
698.3685
685.9629
673.1203
659.9409
646.5182
632.9391
619.2833
605.6236
592.0258
578.5492
565.2470
552.1662
539.3485
526.8302
514.6434
502.8155
491.3703
480.3282
469.7066
459.5201
449.7812
440.5002
431.6861
423.3461
415.4868
408.1135
401.2312
394.8446
388.9579
383.5757
378.7025
374.3435
370.5040
367.1904
364.4098
362.1699
360.4800
359.3500
358.7914
358.8167
359.4400
360.6764
362.5424
365.0559
368.2355
372.1012
376.6734
381.9728
388.0203
394.8359
402.4386
410.8453
420.0697
430.1218
441.0061
452.7204
465.2544
478.5882
492.6903
507.5165
523.0082
539.0911
555.6747
572.6512
589.8966
607.2707
624.6190
641.7753
658.5643
674.8060
690.3194
704.9279
718.4632
730.7705
741.7124
751.1728
759.0590
765.3041
769.8675
772.7348
773.9168
773.4478
771.3829
767.7955
762.7739
756.4186
748.8388
740.1497
730.4696
719.9176
708.6117
696.6671
684.1943
671.2989
658.0801
644.6306
631.0363
617.3758
603.7209
590.1367
576.6815
563.4075
550.3611
537.5830
525.1093
512.9710
501.1951
489.8051
478.8207
468.2590
458.1343
448.4588
439.2425
430.4941
422.2209
414.4290
407.1240
400.3107
393.9935
388.1770
382.8655
378.0638
373.7769
370.0105
366.7708
364.0651
361.9014
360.2890
359.2380
358.7601
358.8681
359.5759
360.8992
362.8545
365.4597
368.7339
372.6969
377.3693
382.7719
388.9253
395.8497
403.5636
412.0836
421.4231
431.5911
442.5915
454.4210
467.0680
480.5111
494.7172
509.6401
525.2190
541.3775
558.0227
575.0446
592.3166
609.6966
627.0282
644.1438
660.8672
677.0180
692.4156
706.8841
720.2569
732.3814
743.1230
752.3687
760.0292
766.0415
770.3685
772.9994
773.9485
773.2530
770.9709
767.1777
761.9638
755.4310
747.6895
738.8549
729.0460
718.3819
706.9801
694.9553
682.4174
669.4711
656.2148
642.7402
629.1320
615.4682
601.8195
588.2500
574.8171
561.5723
548.5610
535.8235
523.3948
511.3055
499.5823
488.2477
477.3214
466.8199
456.7573
447.1452
437.9938
429.3113
421.1049
413.3807
406.1440
399.3997
393.1522
387.4059
382.1652
377.4351
373.2204
369.5271
366.3615
363.7310
361.6437
360.1089
359.1372
358.7403
358.9311
359.7239
361.1343
363.1792
365.8766
369.2457
373.3064
378.0795
383.5856
389.8454
396.8789
404.7044
413.3380
422.7926
433.0767
444.1931
456.1375
468.8972
482.4490
496.7581
511.7765
527.4412
543.6736
560.3782
577.4429
594.7388
612.1216
629.4333
646.5048
663.1592
679.2156
694.4938
708.8190
722.0264
733.9655
744.5045
753.5337
760.9674
766.7461
770.8364
773.2312
773.9481
773.0273
770.5294
766.5323
761.1281
754.4198
746.5187
737.5411
727.6058
716.8318
705.3363
693.2335
680.6325
667.6372
654.3451
640.8470
627.2266
613.5609
599.9196
586.3658
572.9563
559.7415
546.7662
534.0698
521.6868
509.6471
497.9769
486.6982
475.8303
465.3893
455.3889
445.8406
436.7541
428.1377
419.9983
412.3418
405.1736
398.4983
392.3205
386.6445
381.4749
376.8163
372.6741
369.0540
365.9627
363.4074
361.3966
359.9398
359.0476
358.7319
359.0058
359.8838
361.3817
363.5166
366.3066
369.7710
373.9299
378.8040
384.4140
390.7807
397.9236
405.8609
414.6084
424.1784
434.5786
445.8110
457.8701
470.7419
484.4017
498.8130
513.9257
529.6747
545.9790
562.7409
579.8459
597.1628
614.5454
631.8339
648.8579
665.4396
681.3980
696.5535
710.7323
723.7712
735.5223
745.8567
754.6677
761.8734
767.4178
771.2713
773.4304
773.9158
772.7709
770.0587
765.8594
760.2668
753.3853
745.3270
736.2086
726.1492
715.2675
703.6806
691.5018
678.8398
665.7975
652.4714
638.9514
625.3203
611.6539
598.0213
584.4845
571.0993
557.9154
544.9768
532.3222
519.9854
507.9959
496.3790
485.1567
474.3475
463.9672
454.0292
444.5449
435.5236
426.9734
418.9010
411.3124
404.2127
397.6066
391.4986
385.8930
380.7944
376.2076
372.1379
368.5912
365.5742
363.0944
361.1604
359.7817
358.9692
358.7350
359.0923
360.0559
361.6416
363.8668
366.7497
370.3098
374.5673
379.5428
385.2573
391.7311
398.9838
407.0333
415.8949
425.5804
436.0968
447.4450
459.6186
472.6021
486.3692
500.8817
516.0874
531.9190
548.2934
565.1104
582.2531
599.5883
616.9675
634.2295
651.2024
667.7079
683.5650
698.5943
712.6234
725.4910
737.0516
747.1791
755.7704
762.7470
768.0565
771.6732
773.5969
773.8517
772.4838
769.5590
765.1594
759.3804
752.3279
744.1145
734.8577
724.6764
713.6895
702.0133
689.7607
677.0396
663.9521
650.5938
637.0535
623.4131
609.7476
596.1247
582.6059
569.2460
556.0939
543.1928
530.5806
518.2907
506.3518
494.7888
483.6231
472.8729
462.5536
452.6783
443.2581
434.3021
425.8183
417.8131
410.2925
403.2614
396.7246
390.6864
385.1513
380.1239
375.6089
371.6119
368.1387
365.1962
362.7921
360.9349
359.6346
358.9021
358.7496
359.1906
360.2400
361.9140
364.2298
367.2061
370.8623
375.2187
380.2962
386.1154
392.6967
400.0596
408.2216
417.1976
426.9987
437.6313
449.0952
461.3830
474.4776
488.3514
502.9640
518.2614
534.1741
550.6166
567.4864
584.6643
602.0147
619.3875
636.6195
653.5380
669.9638
685.7159
700.6157
714.4919
727.1854
738.5530
748.4717
756.8417
763.5881
768.6623
772.0421
773.7309
773.7559
772.1664
769.0305
764.4324
758.4692
751.2477
742.8817
733.4887
723.1880
712.0979
700.3347
688.0104
675.2322
662.1014
648.7125
635.1536
621.5054
607.8419
594.2302
580.7304
567.3968
554.2772
541.4143
528.8453
516.6027
504.7149
493.2062
482.0975
471.4066
461.1486
451.3363
441.9803
433.0898
424.6724
416.7346
409.2820
402.3197
395.8522
389.8840
384.4195
379.4633
375.0203
371.0960
367.6965
364.8287
362.5003
360.7203
359.4986
358.8463
358.7758
359.3008
360.4364
362.1989
364.6057
367.6757
371.4284
375.8843
381.0640
386.9883
393.6777
401.1511
409.4259
418.5164
428.4333
439.1820
450.7616
463.1632
476.3685
490.3481
505.0598
520.4475
536.4397
552.9483
569.8686
587.0789
604.4418
621.8049
639.0036
655.8640
672.2066
687.8502
702.6172
716.3375
728.8540
740.0262
749.7341
757.8813
764.3966
769.2350
772.3780
773.8324
773.6287
771.8189
768.4735
763.6788
757.5334
750.1453
741.6288
732.1020
721.6840
710.4932
698.6451
686.2512
673.4179
660.2455
646.8279
633.2518
619.5973
605.9372
592.3377
578.8580
565.5516
552.4655
539.6415
527.1162
514.9216
503.0854
491.6314
480.5800
469.9487
459.7522
450.0030
440.7115
431.8867
423.5359
415.6655
408.2810
401.3875
394.9895
389.0914
383.6975
378.8127
374.4418
370.5903
367.2646
364.4716
362.2193
360.5166
359.3736
358.8018
358.8135
359.4229
360.6450
362.4963
364.9946
368.1587
372.0083
376.5639
381.8463
387.8763
394.6739
402.2582
410.6460
419.8514
429.8842
440.7491
452.4441
464.9592
478.2746
492.3591
507.1689
522.6456
538.7155
555.2881
572.2565
589.4967
606.8690
624.2191
641.3812
658.1801
674.4359
689.9676
704.5983
718.1597
730.4964
741.4709
750.9662
758.8892
765.1725
769.7747
772.6810
773.9016
773.4701
771.4414
767.8882
762.8988
756.5733
749.0207
740.3561
730.6978
720.1650
708.8756
696.9447
684.4833
671.5969
658.3848
644.9401
631.3485
617.6890
604.0336
590.4474
576.9890
563.7106
550.6587
537.8744
525.3935
513.2474
501.4632
490.0643
479.0706
468.4992
458.3645
448.6786
439.4518
430.6927
422.4086
414.6057
407.2896
400.4650
394.1365
388.3085
382.9855
378.1720
373.8733
370.0949
366.8431
364.1251
361.9489
360.3237
359.2598
358.7686
358.8630
359.5569
360.8658
362.8064
365.3965
368.6550
372.6020
377.2578
382.6433
388.7792
395.6856
403.3811
411.8822
421.2026
431.3514
442.3324
454.1427
466.7709
480.1958
494.3844
509.2911
524.8554
541.0012
557.6358
574.6499
591.9172
609.2958
626.6299
643.7518
660.4857
676.6512
692.0675
706.5588
719.9580
732.1124
742.8868
752.1676
759.8651
765.9156
770.2814
772.9512
773.9386
773.2804
771.0341
767.2748
762.0927
755.5892
747.8745
739.0641
729.2766
718.6311
707.2454
695.2340
682.7071
669.7694
656.5195
643.0493
629.4437
615.7807
602.1313
588.5596
575.1233
561.8739
548.8571
536.1131
523.6773
511.5802
499.8485
488.5050
477.5693
467.0581
456.9854
447.3630
438.2011
429.5079
421.2907
413.5555
406.3077
399.5521
393.2932
387.5354
382.2833
377.5414
373.3150
369.6097
366.4320
363.7891
361.6893
360.1418
359.1571
358.7469
358.9241
359.7029
361.0990
363.1291
365.8114
369.1648
373.2095
377.9659
383.4549
389.6972
396.7126
404.5197
413.1345
422.5700
432.8349
443.9320
455.8574
468.5983
482.1319
496.4239
511.4263
527.0766
543.2965
559.9911
577.0484
594.3400
611.7220
629.0366
646.1150
662.7804
678.8520
694.1495
708.4980
721.7322
733.7015
744.2736
753.3381
760.8090
766.6258
770.7549
773.1885
773.9435
773.0597
770.5973
766.6337
761.2608
754.5815
746.7068
737.7529
727.8385
717.0827
705.6029
693.5131
680.9228
667.9358
654.6499
641.1559
627.5378
613.8726
600.2304
586.6743
573.2612
560.0417
547.0608
534.3578
521.9675
509.9200
498.2412
486.9536
476.0763
465.6255
455.6150
446.0564
436.9595
428.3323
420.1821
412.5146
405.3353
398.6488
392.4596
386.7722
381.5910
376.9208
372.7667
369.1347
366.0312
363.4637
361.4404
359.9708
359.0656
358.7366
358.9969
359.8610
361.3445
363.4646
366.2394
369.6881
373.8309
378.6884
384.2813
390.6304
397.7552
405.6741
414.4028
423.9537
434.3347
445.5479
457.5880
470.4412
484.0830
498.4773
513.5742
529.3091
545.6013
562.3535
579.4515
596.7647
614.1470
631.4389
648.4703
665.0636
681.0378
696.2131
710.4155
723.4818
735.2634
745.6311
754.4777
761.7206
767.3032
771.1954
773.3931
773.9164
772.8082
770.1312
765.9651
760.4034
753.5504
745.5180
736.4229
726.3840
715.5202
703.9485
691.7824
679.1306
666.0963
652.7760
639.2599
625.6308
611.9649
598.3310
584.7917
571.4028
558.2141
545.2697
532.6085
520.2644
508.2669
496.6415
485.4101
474.5915
464.2014
454.2534
444.7587
435.7269
427.1660
419.0828
411.4832
404.3724
397.7551
391.6358
386.0188
380.9086
376.3102
372.2287
368.6700
365.6409
363.1488
361.2023
359.8109
358.9854
358.7378
359.0815
360.0311
361.6025
363.8128
366.6806
370.2250
374.4663
379.4252
385.1225
391.5787
398.8133
406.8444
415.6872
425.3536
435.8508
447.1799
459.3346
472.2995
486.0489
500.5445
515.7347
531.5526
547.9152
564.7228
581.8590
599.1909
616.5703
633.8362
650.8172
667.3348
683.2081
698.2577
712.3110
725.2063
736.7978
746.9590
755.5859
762.5998
767.9476
771.6029
773.5650
773.8575
772.5260
769.6360
765.2692
759.5208
752.4963
744.3085
735.0745
724.9133
713.9438
702.2824
690.0422
677.3310
664.2511
650.8983
637.3616
623.7231
610.0576
596.4335
582.9120
569.5482
556.3911
543.4841
530.8653
518.5679
506.6209
495.0494
483.8746
473.1149
462.7859
452.9005
443.4700
434.5035
426.0089
417.9930
410.4613
403.4192
396.8712
390.8217
385.2752
380.2362
375.7096
371.7008
368.2157
365.2611
362.8446
360.9750
359.6619
358.9164
358.7506
359.1779
360.2134
361.8729
364.1739
367.1350
370.7755
375.1157
380.1764
385.9785
392.5422
399.8870
408.0306
416.9877
426.7698
437.3832
448.8282
461.0971
474.1733
488.0294
502.6255
517.9076
533.8068
550.2379
567.0987
584.2705
601.6181
618.9916
636.2281
653.1551
669.5936
685.3625
700.2831
714.1840
726.9055
738.3043
748.2569
756.6628
763.4465
768.5590
771.9773
773.7043
773.7668
772.2135
769.1120
764.5463
758.6133
751.4195
743.0785
733.7079
723.4268
712.3538
700.6050
688.2927
675.5241
662.4005
649.0169
635.4613
621.8147
608.1511
594.5378
581.0352
567.6975
554.5729
541.7040
529.1282
516.8782
504.9822
493.4649
482.3471
471.6467
461.3789
451.5565
442.1902
433.2892
424.8611
416.9125
409.4489
402.4755
395.9968
390.0174
384.5415
379.5737
375.1191
371.1830
367.7716
364.8917
362.5510
360.7585
359.5240
358.8587
358.7748
359.2862
360.4078
362.1559
364.5479
367.6026
371.3396
375.7792
380.9422
386.8494
393.5210
400.9764
409.2327
418.3044
428.2023
438.9320
450.4926
462.8754
476.0625
490.0245
504.7199
520.0926
536.0716
552.5691
569.4808
586.6855
604.0460
621.4103
638.6141
655.4836
671.8394
687.5004
702.2886
716.0340
728.5790
739.7827
749.5247
757.7080
764.2607
769.1373
772.3188
773.8112
773.6447
771.8707
768.5594
763.7967
757.6811
750.3202
741.8284
732.3235
721.9248
710.7506
698.9165
686.5342
673.7101
660.5448
647.1321
633.5591
619.9059
606.2455
592.6442
579.1616
565.8509
552.7597
539.9296
527.3974
515.1953
503.3509
491.8882
480.8277
470.1869
459.9806
450.2213
440.9195
432.0841
423.7226
415.8414
408.4460
401.5414
395.1322
389.2228
383.8176
378.9212
374.5387
370.6755
367.3379
364.5328
362.2681
360.5529
359.3972
358.8123
358.8108
359.4064
360.6145
362.4514
364.9348
368.0836
371.9175
376.4568
381.7225
387.7352
394.5152
402.0814
410.4508
419.6373
429.6512
440.4970
452.1731
464.6696
477.9668
492.0341
506.8277
522.2896
538.3466
554.9085
571.8688
589.1038
606.4741
623.8261
640.9937
657.8023
674.0718
689.6214
704.2739
717.8607
730.2264
741.2326
750.7622
758.7214
765.0422
769.6826
772.6272
773.8857
773.4911
771.4979
767.9785
763.0207
756.7245
749.1988
740.5584
730.9216
720.4076
709.1344
697.2172
684.7670
671.8895
658.6841
645.2440
631.6553
617.9969
604.3410
590.7529
577.2912
564.0086
550.9514
538.1609
525.6730
513.5193
501.7268
490.3192
479.3163
468.7354
458.5908
448.8949
439.6578
430.8881
422.5934
414.7797
407.4526
400.6170
394.2773
388.4380
383.1036
378.2787
373.9684
370.1782
366.9145
364.1844
361.9959
360.3582
359.2815
358.7773
358.8583
359.5386
360.8334
362.7595
365.3347
368.5780
372.5091
377.1487
382.5174
388.6361
395.5248
403.2021
411.6849
420.9864
431.1163
442.0784
453.8698
466.4794
479.8863
494.0579
508.9486
524.4984
540.6316
557.2559
574.2622
591.5248
608.9020
626.2383
643.3664
660.1105
676.2902
691.7249
706.2384
719.6636
731.8473
742.6538
751.9690
759.7029
765.7909
770.1948
772.9028
773.9279
773.3064
771.0953
767.3694
762.2186
