682.8934
697.9668
712.0473
724.9728
736.5968
746.7923
755.4549
762.5048
767.8888
771.5797
773.5765
773.9023
772.6025
769.7422
765.4029
759.6798
752.6782
744.5109
735.2950
725.1496
714.1935
702.5434
690.3122
677.6080
664.5333
651.1839
637.6489
624.0105
610.3439
596.7173
583.1923
569.8240
556.6614
543.7482
531.1224
518.8174
506.8624
495.2823
484.0986
473.3297
462.9911
453.0961
443.6556
434.6790
426.1742
418.1478
410.6058
403.5531
396.9944
390.9342
385.3769
380.3271
375.7895
371.7695
368.2732
365.3072
362.8792
360.9979
359.6729
358.9151
358.7368
359.1515
360.1738
361.8199
364.1071
367.0539
370.6798
375.0049
380.0501
385.8362
392.3836
399.7116
407.8380
416.7778
426.5424
437.1382
448.5657
460.8175
473.8772
487.7176
502.2992
517.5684
533.4566
549.8789
566.7339
583.9028
601.2511
618.6290
635.8739
652.8134
669.2683
685.0576
700.0022
713.9304
726.6821
738.1132
748.0998
756.5407
763.3600
768.5079
771.9611
773.7219
773.8168
772.2942
769.2215
764.6825
758.7738
751.6020
743.2808
733.9275
723.6615
712.6012
700.8630
688.5592
675.7972
662.6783
649.2977
635.7435
622.0968
608.4319
594.8159
581.3097
567.9673
554.8372
541.9620
529.3792
517.1217
505.2177
493.6919
482.5652
471.8557
461.5785
451.7465
442.3704
433.4594
425.0213
417.0624
409.5886
402.6048
396.1157
390.1257
384.6391
379.6607
375.1953
371.2483
367.8258
364.9347
362.5827
360.7786
359.5323
358.8550
358.7589
359.2577
360.3664
362.1012
364.4796
367.5203
371.2429
375.6676
380.8153
386.7068
393.3623
400.8012
409.0406
418.0953
427.9760
438.6884
450.2320
462.5981
475.7691
489.7160
504.3974
519.7577
535.7262
552.2157
569.1221
586.3247
603.6864
621.0557
638.2685
655.1509
671.5236
687.2052
702.0176
715.7904
728.3654
739.6012
749.3768
757.5947
764.1823
769.0937
772.3092
773.8346
773.6996
771.9555
768.6721
763.9351
757.8430
750.5033
742.0304
732.5421
722.1578
710.9957
699.1716
686.7973
673.9793
660.8182
647.4082
633.8363
620.1827
606.5208
592.9167
579.4302
566.1148
553.0180
540.1816
527.6425
515.4328
503.5804
492.1093
481.0401
470.3902
460.1746
450.4058
441.0944
432.2492
423.8778
415.9865
408.5810
401.6662
395.2467
389.3269
383.9113
379.0044
374.6112
370.7373
367.3888
364.5727
362.2968
360.5703
359.4030
358.8062
358.7926
359.3759
360.5712
362.3951
364.8651
368.0001
371.8198
376.3445
381.5951
387.5923
394.3564
401.9064
410.2592
419.4291
429.4260
440.2550
451.9144
464.3946
477.6762
491.7288
506.5089
521.9591
538.0062
554.5607
571.5162
588.7496
606.1219
623.4794
640.6565
657.4785
673.7652
689.3358
704.0127
717.6269
730.0224
741.0605
750.6233
758.6166
764.9717
769.6462
772.6241
773.9147
773.5509
771.5865
768.0941
763.1612
756.8877
749.3824
740.7601
731.1392
720.6388
709.3771
697.4694
685.0267
672.1547
658.9533
645.5155
631.9275
618.2685
604.6108
591.0197
577.5542
564.2666
551.2038
538.4070
525.9122
513.7510
501.9506
490.5346
479.5231
468.9332
458.7795
449.0742
439.8275
431.0482
422.7437
414.9201
407.5830
400.7373
394.3876
388.5381
383.1934
378.3581
374.0373
370.2366
366.9622
364.2213
362.0218
360.3729
359.2848
358.7689
358.8380
359.5061
360.7884
362.7017
365.2637
368.4933
372.4105
377.0356
382.3895
388.4929
395.3660
403.0274
411.4939
420.7790
430.8923
441.8379
453.6130
466.2068
479.5985
493.7559
508.6336
524.1722
540.2961
556.9135
573.9158
591.1774
608.5571
625.8996
643.0376
659.7956
675.9929
691.4488
705.9868
719.4394
731.6528
742.4909
751.8390
759.6064
765.7281
770.1654
772.9059
773.9623
773.3707
771.1876
767.4879
762.3610
755.9083
748.2395
739.4702
729.7190
719.1050
707.7459
695.7567
683.2476
670.3237
657.0837
643.6198
630.0173
616.3543
602.7021
589.1253
575.6816
562.4229
549.3950
536.6383
524.1884
512.0762
500.3283
488.9678
478.0144
467.4848
457.3932
447.7515
438.5698
429.8566
421.6190
413.8633
406.5947
399.8182
393.5382
387.7592
382.4855
377.7220
373.4737
369.7462
366.5461
363.8805
361.7575
360.1865
359.1778
358.7431
358.8952
359.6483
361.0180
363.0210
365.6753
369.0000
373.0150
377.7410
383.1986
389.4086
396.3910
404.1642
412.7445
422.1452
432.3749
443.4370
455.3277
468.0347
481.5358
495.7971
510.7713
526.3967
542.5957
559.2739
576.3204
593.6074
610.9916
628.3158
645.4113
662.1016
678.2060
693.5439
707.9397
721.2276
733.2561
743.8920
753.0237
760.5639
766.4514
770.6513
773.1546
773.9776
773.1592
770.7589
766.8537
761.5348
754.9050
747.0751
738.1611
728.2819
717.5565
706.1024
694.0338
681.4605
668.4865
655.2098
641.7215
628.1059
614.4403
600.7950
587.2334
573.8127
560.5836
547.5914
534.8757
522.4713
510.4086
498.7137
487.4091
476.5140
466.0450
456.0157
446.4378
437.3213
428.6742
420.5038
412.8160
405.6161
398.9088
392.6987
386.9902
381.7877
377.0959
372.9202
369.2662
366.1405
363.5503
361.5041
360.0112
359.0821
358.7288
358.9641
359.8026
361.2599
363.3530
366.1001
369.5202
373.6336
378.4607
384.0224
390.3394
397.4315
405.3168
414.0113
423.5277
433.8739
445.0524
457.0583
469.8781
483.4881
497.8523
512.9218
528.6326
544.9047
561.6416
578.7298
596.0394
613.4250
630.7275
647.7770
664.3962
680.4041
695.6204
709.8708
722.9911
734.8322
745.2635
754.1770
761.4890
767.1416
771.1038
773.3704
773.9607
772.9168
770.3007
766.1917
760.6829
753.8782
745.8894
736.8331
726.8282
715.9937
704.4468
692.3011
679.6655
666.6433
653.3317
639.8206
626.1936
612.5268
598.8895
585.3443
571.9475
558.7490
545.7933
533.1192
520.7609
508.7482
497.1067
485.8583
475.0220
464.6137
454.6470
445.1332
436.0819
427.5013
419.3981
411.7783
404.6470
398.0091
391.8690
386.2311
381.0998
376.4800
372.3770
368.7965
365.7453
363.2308
361.2615
359.8469
358.9977
358.7260
359.0449
359.9691
361.5144
363.6979
366.5380
370.0540
374.2661
379.1948
384.8611
391.2855
398.4875
406.4853
415.2942
424.9264
435.3892
446.6840
458.8050
471.7371
485.4551
499.9214
515.0849
530.8795
547.2229
564.0162
581.1436
598.4729
615.8567
633.1342
650.1343
666.6789
682.5866
697.6780
711.7797
724.7295
736.3805
746.6053
755.2990
762.3814
767.7986
771.5231
773.5532
773.9117
772.6434
769.8132
765.5022
759.8055
752.8281
744.6827
735.4864
725.3582
714.4170
702.7795
690.5587
677.8629
664.7945
651.4497
637.9175
624.2805
610.6138
596.9858
583.4582
570.0863
556.9192
544.0006
531.3688
519.0573
507.0951
495.5074
484.3157
473.5384
463.1912
453.2872
443.8377
434.8518
426.3376
418.3018
410.7501
403.6877
397.1192
391.0492
385.4819
380.4220
375.8742
371.8440
368.3372
365.3607
362.9220
361.0298
359.6937
358.9246
358.7347
359.1375
360.1477
361.7813
364.0557
366.9893
370.6015
374.9127
379.9434
385.7147
392.2468
399.5592
407.6697
416.5933
426.3415
436.9208
448.3319
460.5676
473.6115
487.4369
502.0042
517.2604
533.1372
549.5499
566.3974
583.5614
600.9075
618.2864
635.5355
652.4827
668.9490
684.7531
699.7162
713.6660
726.4424
737.9008
747.9170
756.3893
763.2412
768.4224
771.9092
773.7033
773.8307
772.3394
769.2966
764.7856
758.9030
751.7551
743.4555
734.1215
723.8723
712.8266
701.1007
688.8070
676.0530
662.9403
649.5640
636.0124
622.3668
608.7016
595.0841
581.5751
568.2290
555.0943
542.2137
529.6248
517.3605
505.4493
493.9158
482.7811
472.0632
461.7773
451.9364
442.5512
433.6310
425.1834
417.2150
409.7316
402.7381
396.2391
390.2392
384.7427
379.7542
375.2785
371.3213
367.8883
364.9867
362.6239
360.8090
359.5516
358.8629
358.7551
359.2421
360.3385
362.0608
364.4264
367.4538
371.1627
375.5733
380.7066
386.5831
393.2234
400.6465
408.8701
417.9085
427.7728
438.4688
449.9959
462.3460
475.5013
489.4332
504.1006
519.4481
535.4054
551.8855
568.7848
585.9828
603.3428
620.7135
637.9310
654.8217
671.2061
686.9031
701.7344
715.5293
728.1294
739.3929
749.1984
757.4478
764.0681
769.0129
772.2619
773.8206
773.7180
772.0050
768.7512
764.0421
757.9757
750.6596
742.2079
732.7386
722.3708
711.2229
699.4108
687.0463
674.2361
661.0809
647.6749
634.1054
620.4528
606.7903
593.1845
579.6952
566.3759
553.2743
540.4324
527.8871
515.6707
503.8110
492.3321
481.2548
470.5965
460.3722
450.5945
441.2739
432.4194
424.0386
416.1378
408.7226
401.7981
395.3688
389.4391
384.0134
379.0964
374.6931
370.8088
367.4499
364.6232
362.3366
360.5991
359.4206
358.8125
358.7872
359.3586
360.5417
362.3529
364.8100
367.9317
371.7376
376.2482
381.4843
387.4666
394.2153
401.7496
410.0864
419.2400
429.2205
440.0331
451.6761
464.1403
477.4063
491.4440
506.2103
521.6478
537.6839
554.2294
571.1781
588.4073
605.7783
623.1377
640.3200
657.1507
673.4498
689.0362
703.7324
717.3691
729.7901
740.8563
750.4492
758.4743
764.8622
769.5701
772.5816
773.9053
773.5736
771.6403
768.1772
763.2719
757.0238
749.5417
740.9404
731.3381
720.8539
709.6062
697.7101
685.2769
672.4125
659.2166
645.7826
632.1968
618.5385
604.8802
591.2872
577.8186
564.5271
551.4595
538.6570
526.1559
513.9878
502.1801
490.7563
479.7366
469.1383
458.9758
449.2615
440.0057
431.2171
422.9031
415.0700
407.7233
400.8679
394.5082
388.6489
383.2941
378.4488
374.1177
370.3067
367.0218
364.2703
362.0600
360.4001
359.3009
358.7736
358.8310
359.4870
360.7571
362.6577
365.2067
368.4230
372.3264
376.9373
382.2766
388.3650
395.2227
402.8684
411.3188
420.5876
430.6845
441.6136
453.3725
465.9503
479.3265
493.4691
508.3331
523.8593
539.9724
556.5811
573.5769
590.8347
608.2136
625.5584
642.7021
659.4693
675.6794
691.1517
705.7095
719.1851
731.4243
742.2907
751.6693
759.4686
765.6233
770.0940
772.8680
773.9575
773.3979
771.2456
767.5750
762.4754
756.0478
748.4020
739.6533
729.9203
719.3221
707.9767
695.9989
683.4990
670.5823
657.3477
643.8874
630.2868
616.6243
602.9713
589.3924
575.9455
562.6827
549.6498
536.8875
524.4312
512.3120
500.5567
489.1884
478.2268
467.6886
457.5882
447.9376
438.7467
430.0242
421.7771
414.0118
406.7336
399.9473
393.6575
387.8685
382.5849
377.8112
373.5526
369.8148
366.6042
363.9280
361.7942
360.2122
359.1923
358.7461
358.8865
359.6276
360.9849
362.9752
365.6165
368.9278
372.9290
377.6407
383.0836
389.2786
396.2455
404.0029
412.5672
421.9516
432.1649
443.2105
455.0849
467.7759
481.2617
495.5083
510.4690
526.0823
542.2707
558.9405
575.9809
593.2645
610.6482
627.9751
645.0769
661.7770
677.8946
693.2494
707.6654
720.9768
733.0315
743.6960
752.8583
760.4307
766.3513
770.5846
773.1214
773.9773
773.1908
770.8211
766.9447
761.6528
755.0479
747.2405
738.3468
728.4855
717.7757
706.3349
694.2774
681.7130
668.7460
655.4743
641.9894
628.3756
614.7103
601.0639
587.5001
574.0761
560.8428
547.8455
535.1240
522.7132
510.6434
498.9410
487.6285
476.7252
466.2476
456.2095
446.6226
437.4969
428.8405
420.6606
412.9632
405.7536
399.0366
392.8166
387.0981
381.8856
377.1837
372.9977
369.3334
366.1971
363.5963
361.5392
360.0353
359.0950
358.7302
358.9538
359.7802
361.2251
363.3055
366.0394
369.4461
373.5455
378.3584
383.9054
390.2073
397.2838
405.1533
413.8317
423.3317
433.6615
444.8236
456.8133
469.6172
483.2118
497.5616
512.6178
528.3166
544.5785
561.3072
578.3897
595.6963
613.0818
630.3875
647.4438
664.0732
680.0949
695.3285
709.5996
722.7438
734.6114
745.0718
754.0161
761.3603
767.0462
771.0419
773.3418
773.9649
772.9527
770.3670
766.2866
760.8045
754.0243
746.0578
737.0214
727.0341
716.2149
704.6810
692.5460
679.9191
666.9036
653.5968
640.0889
626.4634
612.7966
599.1581
585.6106
572.2104
559.0075
546.0466
533.3666
521.0018
508.9820
497.3329
486.0766
475.2320
464.8151
454.8396
445.3167
436.2562
427.6662
419.5535
411.9241
404.7832
398.1355
391.9855
386.3376
381.1963
376.5663
372.4530
368.8622
365.8005
363.2753
361.2951
359.8694
359.0090
358.7257
359.0329
359.9449
361.4778
363.6486
366.4755
369.9780
374.1761
379.0905
384.7420
391.1512
398.3377
406.3196
415.1124
424.7282
435.1745
446.4530
458.5577
471.4740
485.1768
499.6288
514.7791
530.5619
546.8954
563.6809
580.8029
598.1296
615.5138
632.7950
649.8023
666.3576
682.2796
697.3889
711.5117
724.4857
736.1637
746.4178
755.1425
762.2574
767.7079
771.4659
773.5293
773.9204
772.6837
769.8836
765.6010
759.9307
752.9775
744.8541
735.6774
725.5664
714.6401
703.0153
690.8050
678.1175
665.0556
651.7153
638.1861
624.5503
610.8835
597.2542
583.7240
570.3485
557.1770
544.2532
531.6154
519.2972
507.3278
495.7325
484.5328
473.7472
463.3913
453.4785
444.0199
435.0248
426.5013
418.4559
410.8946
403.8225
397.2442
391.1643
385.5870
380.5170
375.9591
371.9186
368.4015
365.4144
362.9650
361.0619
359.7147
358.9343
358.7329
359.1238
360.1218
361.7430
364.0045
366.9249
370.5235
374.8207
379.8370
385.5934
392.1103
399.4072
407.5017
416.4092
426.1410
436.7039
448.0986
460.3180
473.3463
487.1565
501.7097
516.9529
532.8181
549.2212
566.0612
583.2202
600.5641
617.9438
635.1972
652.1520
668.6295
684.4485
699.4298
713.4013
726.2022
737.6880
747.7337
756.2373
763.1218
768.3363
771.8566
773.6840
773.8439
772.3840
769.3711
764.8882
759.0317
751.9078
743.6297
734.3150
724.0827
713.0517
701.3381
689.0546
676.3087
663.2021
649.8301
636.2812
622.6367
608.9712
595.3521
581.8405
568.4907
555.3514
542.4654
529.8704
517.5994
505.6810
494.1399
482.9971
472.2708
461.9763
452.1264
442.7322
433.8027
425.3457
417.3678
409.8747
402.8715
396.3627
390.3529
384.8464
379.8478
375.3620
371.3944
367.9511
365.0388
362.6654
360.8395
359.5710
358.8710
358.7516
359.2267
360.3110
362.0207
364.3734
367.3875
371.0828
375.4794
380.5981
386.4598
393.0848
400.4923
408.6999
417.7221
427.5700
438.2496
449.7603
462.0943
475.2339
489.1508
503.8041
519.1389
535.0849
551.5556
568.4477
585.6411
602.9993
620.3713
637.5935
654.4923
670.8885
686.6009
701.4509
715.2678
727.8929
739.1841
749.0194
757.3003
763.9534
768.9315
772.2141
773.8059
773.7357
772.0539
768.8297
764.1484
758.1078
750.8153
742.3850
732.9346
722.5834
711.4498
699.6497
687.2951
674.4927
661.3434
647.9415
634.3744
620.7227
607.0598
593.4522
579.9601
566.6370
553.5307
540.6833
528.1318
515.9086
504.0416
492.5550
481.4696
470.8029
460.5699
450.7832
441.4535
432.5898
424.1995
416.2892
408.8644
401.9301
395.4910
389.5514
384.1157
379.1886
374.7751
370.8805
367.5111
364.6739
362.3765
360.6281
359.4385
358.8190
358.7821
359.3415
360.5124
362.3111
364.7552
367.8636
371.6558
376.1522
381.3738
387.3411
394.0746
401.5931
409.9140
419.0513
429.0154
439.8115
451.4383
463.8863
477.1368
491.1596
505.9120
521.3369
537.3620
553.8983
570.8402
588.0652
605.4348
622.7960
639.9834
656.8228
673.1341
688.7363
703.4518
717.1110
729.5574
740.6515
750.2746
758.3313
764.7521
769.4934
772.5384
773.8952
773.5958
771.6934
768.2598
763.3820
757.1594
749.7006
741.1203
731.5365
721.0687
709.8349
697.9505
685.5269
672.6700
659.4798
646.0496
632.4660
618.8085
605.1494
591.5546
578.0830
564.7876
551.7151
538.9070
526.3997
514.2247
502.4097
490.9781
479.9503
469.3435
459.1723
449.4490
440.1841
431.3862
423.0627
415.2201
407.8637
400.9985
394.6291
388.7598
383.3950
378.5396
374.1983
370.3769
367.0816
364.3195
362.0984
360.4276
359.3171
358.7784
358.8242
359.4683
360.7261
362.6141
365.1501
368.3530
372.2426
376.8393
382.1641
388.2375
395.0798
402.7097
411.1441
420.3967
430.4771
441.3898
453.1323
465.6941
479.0548
493.1827
508.0330
523.5467
539.6491
556.2490
573.2383
590.4922
607.8702
625.2172
642.3666
659.1429
675.3658
690.8544
705.4319
718.9304
731.1954
742.0901
751.4990
759.3302
765.5178
770.0220
772.8295
773.9519
773.4244
771.3029
767.6615
762.5892
756.1868
748.5639
739.8359
730.1212
719.5390
708.2072
696.2407
683.7502
670.8407
657.6115
644.1548
630.5562
616.8942
603.2404
589.6594
576.2095
562.9425
549.9047
537.1367
524.6741
512.5479
500.7852
489.4091
478.4392
467.8926
457.7834
448.1238
438.9237
430.1919
421.9354
414.1605
406.8727
400.0766
393.7769
387.9780
382.6843
377.9005
373.6318
369.8836
366.6625
363.9757
361.8311
360.2381
359.2070
358.7494
358.8780
359.6071
360.9521
362.9298
365.5580
368.8559
372.8432
377.5407
382.9690
389.1489
396.1004
403.8420
412.3903
421.7583
431.9552
442.9844
454.8425
467.5176
480.9879
495.2200
510.1671
525.7681
541.9461
558.6074
575.6416
592.9217
610.3049
627.6346
644.7424
661.4522
677.5831
692.9546
707.3908
720.7255
732.8064
743.4995
752.6924
760.2969
766.2505
770.5173
773.0876
773.9763
773.2218
770.8826
767.0351
761.7702
755.1902
747.4055
738.5321
728.6888
717.9946
706.5671
694.5207
681.9653
669.0052
655.7387
642.2571
628.6451
614.9801
601.3327
587.7668
574.3395
561.1020
548.0996
535.3723
522.9550
510.8783
499.1684
487.8480
476.9365
466.4503
456.4034
446.8075
437.6726
429.0069
420.8175
413.1105
405.8912
399.1644
392.9346
387.2062
381.9836
377.2716
373.0754
369.4007
366.2540
363.6425
361.5746
360.0597
359.1081
358.7318
358.9436
359.7580
361.1906
363.2582
365.9791
369.3723
373.4578
378.2564
383.7887
390.0755
397.1366
404.9902
413.6525
423.1362
433.4496
444.5952
456.5687
469.3567
482.9360
497.2713
512.3140
528.0009
544.2525
560.9731
578.0498
595.3533
612.7387
630.0476
647.1105
663.7501
679.7855
695.0364
709.3281
722.4960
734.3902
744.8795
753.8547
761.2311
766.9501
770.9793
773.3126
773.9685
772.9880
770.4327
766.3810
760.9255
754.1699
746.2257
737.2094
727.2397
716.4358
704.9148
692.7907
680.1724
667.1637
653.8617
640.3570
626.7330
613.0664
599.4267
585.8769
572.4732
559.2660
546.2999
533.6140
521.2427
509.2158
497.5592
486.2950
475.4421
465.0166
455.0322
445.5004
436.4307
427.8313
419.7091
412.0701
404.9195
398.2620
392.1022
386.4443
381.2929
376.6528
372.5293
368.9281
365.8559
363.3200
361.3290
359.8922
359.0205
358.7257
359.0211
359.9210
361.4415
363.5995
366.4133
369.9023
374.0864
378.9865
384.6232
391.0173
398.1882
406.1542
414.9309
424.5304
434.9603
446.2223
458.3108
471.2113
484.8989
499.3365
514.4736
530.2447
546.5682
563.3458
580.4624
597.7864
615.1710
632.4558
649.4703
666.0362
681.9725
697.0994
711.2434
724.2415
735.9464
746.2297
754.9855
762.1328
767.6165
771.4080
773.5047
773.9285
772.7234
769.9534
765.6992
760.0553
753.1264
745.0249
735.8679
725.7743
714.8629
703.2507
691.0509
678.3719
665.3164
651.9808
638.4544
624.8201
611.1532
597.5225
583.9898
570.6108
557.4348
544.5057
531.8619
519.5371
507.5606
495.9577
484.7500
473.9561
463.5916
453.6699
444.2022
435.1979
426.6650
418.6101
411.0392
403.9574
397.3694
391.2795
385.6923
380.6122
376.0442
371.9934
368.4659
365.4683
363.0082
361.0942
359.7359
358.9442
358.7312
359.1103
360.0962
361.7049
363.9536
366.8608
370.4459
374.7290
379.7310
385.4726
391.9743
399.2555
407.3342
416.2254
425.9409
436.4873
447.8656
460.0689
473.0814
486.8766
501.4155
516.6457
532.4994
548.8928
565.7252
582.8791
600.2208
617.6013
634.8588
651.8212
668.3099
684.1436
699.1432
713.1362
725.9617
737.4747
747.5499
756.0848
763.0018
768.2496
771.8034
773.6640
773.8565
772.4280
769.4450
764.9902
759.1598
752.0598
743.8035
734.5081
724.2928
713.2763
701.5752
689.3018
676.5641
663.4637
650.0961
636.5498
622.9065
609.2407
595.6202
582.1058
568.7524
555.6085
542.7171
530.1160
517.8384
505.9128
494.3639
483.2131
472.4785
462.1753
452.3165
442.9132
433.9745
425.5081
417.5207
410.0180
403.0050
396.4865
390.4668
384.9503
379.9416
375.4456
371.4678
368.0140
365.0912
362.7071
360.8703
359.5907
358.8793
358.7484
359.2115
360.2836
361.9809
364.3207
367.3216
371.0032
375.3857
380.4900
386.3368
392.9465
400.3385
408.5301
417.5361
427.3676
438.0307
449.5251
461.8429
474.9669
488.8688
503.5081
518.8300
534.7647
551.2260
568.1109
585.2995
602.6559
620.0292
637.2560
654.1629
670.5708
686.2984
701.1671
715.0060
727.6560
738.9748
748.8399
757.1523
763.8380
768.8495
772.1656
773.7905
773.7527
772.1021
768.9077
764.2542
758.2395
750.9706
742.5616
733.1302
722.7956
711.6763
699.8884
687.5436
674.7491
661.6057
648.2079
634.6433
620.9925
607.3292
593.7199
580.2250
566.8981
553.7871
540.9342
528.3765
516.1466
504.2723
492.7780
481.6845
471.0093
460.7677
450.9721
441.6333
432.7603
424.3606
416.4407
409.0063
402.0623
395.6134
389.6639
384.2182
379.2810
374.8573
370.9524
367.5726
364.7247
362.4167
360.6573
359.4566
358.8257
358.7771
359.3246
360.4833
362.2694
364.7007
367.7957
371.5742
376.0566
381.2636
387.2161
393.9342
401.4371
409.7419
418.8630
428.8107
439.5904
451.2008
463.6328
476.8676
490.8756
505.6140
521.0264
537.0404
553.5676
570.5026
587.7233
605.0914
622.4543
639.6469
656.4948
672.8183
688.4363
703.1709
716.8525
729.3243
740.4463
750.0994
758.1878
764.6414
769.4161
772.4945
773.8844
773.6173
771.7459
768.3417
763.4915
757.2945
749.8590
741.2997
731.7346
721.2830
710.0632
698.1906
685.7766
672.9273
659.7427
646.3165
632.7351
619.0783
605.4186
591.8220
578.3474
565.0480
551.9707
539.1571
526.6435
514.4617
502.6393
491.1999
480.1640
469.5487
459.3688
449.6366
440.3625
431.5553
423.2225
415.3703
408.0042
401.1293
394.7500
388.8708
383.4961
378.6305
374.2791
370.4474
367.1416
364.3688
362.1371
360.4553
359.3337
358.7835
358.8176
359.4498
360.6953
362.5707
365.0937
368.2832
372.1591
376.7417
382.0518
388.1103
394.9372
402.5514
410.9698
420.2061
430.2702
441.1664
452.8926
465.4384
478.7836
492.8967
507.7333
523.2345
539.3261
555.9172
572.8999
590.1500
607.5269
624.8761
642.0310
658.8164
675.0520
690.5568
705.1539
718.6753
730.9660
741.8890
751.3281
759.1913
765.4118
769.9494
772.7903
773.9458
773.4503
771.3597
767.7474
762.7024
756.3252
748.7254
740.0180
730.3216
719.7554
708.4373
696.4823
684.0011
671.0989
657.8751
644.4220
630.8255
617.1640
603.5094
589.9264
576.4733
563.2023
550.1596
537.3859
524.9169
512.7839
501.0138
489.6298
478.6518
468.0966
457.9787
448.3101
439.1009
430.3597
422.0938
414.3094
407.0118
400.2060
393.8965
388.0877
382.7840
377.9901
373.7111
369.9526
366.7211
364.0235
361.8682
360.2642
359.2219
358.7528
358.8698
359.5869
360.9196
362.8846
365.4998
368.7842
372.7578
377.4410
382.8547
389.0196
395.9557
403.6815
412.2137
421.5655
431.7459
442.7587
454.6005
467.2597
480.7146
494.9320
509.8655
525.4543
541.6217
558.2745
575.3026
592.5791
609.9618
627.2940
644.4080
661.1273
677.2714
692.6596
707.1159
720.4738
732.5809
743.3025
752.5260
760.1625
766.1491
770.4494
773.0531
773.9747
773.2521
770.9435
767.1250
761.8871
755.3320
747.5700
738.7170
728.8916
718.2130
706.7989
694.7637
682.2173
669.2643
656.0029
642.5247
628.9145
615.2499
601.6015
588.0334
574.6028
561.3611
548.3537
535.6206
523.1970
511.1132
499.3959
488.0676
477.1478
466.6531
456.5974
446.9926
437.8484
429.1734
420.9746
413.2580
406.0291
399.2925
393.0528
387.3145
382.0818
377.3597
373.1533
369.4682
366.3110
363.6889
361.6102
360.0842
359.1215
358.7336
358.9337
359.7361
361.1563
363.2112
365.9190
369.2987
373.3704
378.1547
383.6724
389.9441
396.9896
404.8275
413.4737
422.9411
433.2380
444.3672
456.3244
469.0966
482.6605
496.9813
512.0107
527.6855
543.9269
560.6392
577.7101
595.0104
612.3957
629.7077
646.7772
663.4269
679.4759
694.7440
709.0563
722.2479
734.1685
744.6866
753.6926
761.1013
766.8533
770.9161
773.2828
773.9714
773.0227
770.4978
766.4747
761.0460
754.3151
746.3932
737.3968
727.4448
716.6563
705.1484
693.0350
680.4255
667.4236
654.1265
640.6249
627.0025
613.3361
599.6953
586.1431
572.7360
559.5245
546.5532
533.8615
521.4837
509.4497
497.7856
486.5134
475.6522
465.2182
455.2250
445.6841
436.6052
427.9964
419.8648
412.2162
405.0559
398.3887
392.2190
386.5511
381.3897
376.7395
372.6057
368.9941
365.9114
363.3649
361.3630
359.9152
359.0323
358.7260
359.0095
359.8974
361.4054
363.5507
366.3514
369.8268
373.9970
378.8828
384.5048
390.8837
398.0391
405.9893
414.7498
424.3330
434.7464
445.9921
458.0644
470.9490
484.6214
499.0446
514.1685
529.9278
546.2413
563.0110
580.1221
597.4434
614.8282
632.1167
649.1381
665.7146
681.6651
696.8098
710.9747
723.9970
735.7286
746.0411
754.8279
762.0075
767.5244
771.3495
773.4795
773.9359
772.7624
770.0226
765.7969
760.1793
753.2748
745.1953
736.0580
725.9817
715.0854
703.4859
691.2966
678.6261
665.5771
652.2460
638.7227
625.0897
611.4228
597.7907
584.2556
570.8730
557.6926
544.7582
532.1085
519.7771
507.7935
496.1830
484.9673
474.1650
463.7920
453.8614
444.3847
435.3712
426.8288
418.7645
411.1840
404.0925
397.4946
391.3949
385.7978
380.7076
376.1294
372.0684
368.5305
365.5223
363.0515
361.1267
359.7573
358.9544
358.7298
359.0971
360.0709
361.6671
363.9030
366.7970
370.3685
374.6377
379.6252
385.3520
391.8385
399.1042
407.1670
416.0421
425.7411
436.2712
447.6331
459.8202
472.8170
486.5970
501.1217
516.3389
532.1810
548.5646
565.3895
582.5383
599.8776
617.2589
634.5204
651.4904
667.9902
683.8385
698.8562
712.8707
725.7207
737.2609
747.3656
755.9316
762.8812
768.1623
771.7496
773.6434
773.8685
772.4714
769.5183
765.0917
759.2874
752.2114
743.9767
734.7007
724.5024
713.5007
701.8119
689.5488
676.8192
663.7251
650.3619
636.8183
623.1762
609.5102
595.8881
582.3712
569.0140
555.8656
542.9688
530.3617
518.0774
506.1446
494.5881
483.4293
472.6862
462.3744
452.5068
443.0944
434.1464
425.6706
417.6737
410.1614
403.1387
396.6104
390.5808
385.0543
380.0356
375.5294
371.5413
368.0771
365.1438
362.7489
360.9012
359.6105
358.8878
358.7453
359.1966
360.2566
361.9413
364.2682
367.2559
370.9239
375.2924
380.3822
386.2142
392.8087
400.1850
408.3606
417.3505
427.1656
437.8123
449.2903
461.5920
474.7003
488.5872
503.2124
518.5215
534.4449
550.8967
567.7743
584.9582
602.3127
619.6872
636.9185
653.8334
670.2529
685.9956
700.8830
714.7438
727.4187
738.7650
748.6598
757.0036
763.7220
768.7669
772.1164
773.7746
773.7691
772.1498
768.9850
764.3595
758.3706
751.1254
742.7377
733.3253
723.0075
711.9025
700.1267
687.7919
675.0052
661.8678
648.4742
634.9121
621.2622
607.5985
593.9876
580.4898
567.1591
554.0434
541.1851
528.6213
516.3846
504.5031
493.0011
481.8994
471.2159
460.9655
451.1610
441.8132
432.9309
424.5218
416.5924
409.1483
402.1946
395.7359
389.7765
384.3208
379.3736
374.9396
371.0245
367.6342
364.7758
362.4570
360.6867
359.4749
358.8326
358.7725
359.3081
360.4545
362.2281
364.6464
367.7282
371.4930
375.9613
381.1538
387.0913
393.7941
401.2814
409.5702
418.6751
428.6064
439.3697
450.9637
463.3796
476.5989
490.5919
505.3165
520.7162
536.7191
553.2371
570.1652
587.3815
604.7482
622.1127
639.3103
656.1668
672.5024
688.1360
702.8897
716.5936
729.0907
740.2406
749.9236
758.0437
764.5300
769.3382
772.4501
773.8730
773.6382
771.7978
768.4231
763.6005
757.4290
750.0169
741.4786
731.9322
721.4970
710.2912
698.4305
686.0261
673.1844
660.0055
646.5832
633.0041
619.3480
605.6878
592.0893
578.6118
565.3085
552.2264
539.4072
526.8873
514.6987
502.8690
491.4219
480.3778
469.7541
459.5654
449.8243
440.5411
431.7246
423.3823
415.5206
408.1449
401.2603
394.8712
388.9820
383.5973
378.7216
374.3600
370.5180
367.2018
364.4184
362.1759
360.4832
359.3504
358.7889
358.8113
359.4315
360.6647
362.5275
365.0376
368.2138
372.0759
376.6444
381.9400
387.9835
394.7950
402.3935
410.7959
420.0159
430.0636
440.9434
452.6533
465.1830
478.5127
492.6110
507.4339
522.9227
539.0035
555.5856
572.5618
589.8078
607.1837
624.5350
641.6955
658.4899
674.7381
690.2590
704.8757
718.4198
730.7362
741.6873
751.1567
759.0517
765.3051
769.8762
772.7505
773.9390
773.4756
771.4158
767.8328
762.8151
756.4632
748.8863
740.1997
730.5217
719.9715
708.6671
696.7236
684.2517
671.3569
658.1385
644.6891
631.0946
617.4337
603.7783
590.1933
576.7372
563.4621
550.4145
537.6351
525.1598
513.0199
501.2424
489.8506
478.8644
468.3008
458.1741
448.4965
439.2781
430.5277
422.2523
414.4583
407.1511
400.3356
394.0163
388.1975
382.8838
378.0798
373.7906
370.0218
366.7798
364.0716
361.9055
360.2906
359.2371
358.7566
358.8618
359.5669
360.8873
362.8396
365.4419
368.7129
372.6727
377.3417
382.7408
388.8906
395.8113
403.5214
412.0375
421.3730
431.5370
442.5334
454.3589
467.0021
480.4416
494.6444
509.5643
525.1409
541.2977
557.9419
574.9637
592.2367
609.6187
626.9535
644.0735
660.8023
676.9595
692.3643
706.8407
720.2218
732.3548
743.1050
752.3589
760.0275
766.0471
770.3809
773.0179
773.9725
773.2818
771.0038
767.2143
762.0035
755.4733
747.7340
738.9013
729.0940
718.4312
707.0304
695.0064
682.4691
669.5231
656.2669
642.7922
629.1838
615.5196
601.8702
588.2999
574.8662
561.6203
548.6078
535.8690
523.4389
511.3482
499.6234
488.2872
477.3593
466.8560
456.7916
447.1777
438.0244
429.3400
421.1318
413.4056
406.1670
399.4207
393.1712
387.4229
382.1802
377.4480
373.2313
369.5359
366.3682
363.7355
361.6460
360.1090
359.1350
358.7357
358.9241
359.7144
361.1223
363.1645
365.8592
369.2255
373.2833
378.0533
383.5563
389.8130
396.8431
404.6651
413.2953
422.7463
433.0268
444.1397
456.0806
468.8369
482.3855
496.6918
511.7077
527.3705
543.6015
560.3056
577.3706
594.6677
612.0528
629.3679
646.4438
663.1035
679.1662
694.4514
708.7841
721.9993
733.9464
744.4933
753.5300
760.9708
766.7560
770.8522
773.2523
773.9737
773.0568
770.5622
766.5679
761.1660
754.4597
746.5602
737.5839
727.6496
716.8764
705.3816
693.2791
680.6784
667.6832
654.3910
640.8927
627.2720
613.6057
599.9637
586.4092
572.9988
559.7830
546.8066
534.1090
521.7247
509.6837
498.0120
486.7319
475.8625
465.4199
455.4179
445.8679
436.7798
428.1618
420.0206
412.3625
405.1925
398.5155
392.3359
386.6582
381.4867
376.8263
372.6823
369.0604
365.9671
363.4100
361.3972
359.9385
359.0442
358.7264
358.9982
359.8740
361.3697
363.5022
366.2898
369.7517
373.9080
378.7794
384.3867
390.7504
397.8904
405.8247
414.5691
424.1359
434.5330
445.7622
457.8183
470.6872
484.3443
498.7531
513.8638
529.6112
545.9146
562.6764
579.7820
597.1005
614.4856
631.7776
648.8060
665.3930
681.3576
696.5198
710.7057
723.7520
735.5104
745.8519
754.6698
761.8817
767.4318
771.2903
773.4537
773.9427
772.8008
770.0912
765.8939
760.3029
753.4226
745.3653
736.2476
726.1887
715.3074
703.7208
691.5421
678.8800
665.8375
652.5112
638.9908
625.3592
611.6923
598.0589
584.5213
571.1353
557.9504
545.0108
532.3551
520.0172
508.0264
496.4083
485.1846
474.3741
463.9924
454.0530
444.5673
435.5445
426.9928
418.9190
411.3289
404.2277
397.6201
391.5105
385.9034
380.8032
376.2148
372.1435
368.5952
365.5766
363.0951
361.1594
359.7790
358.9647
358.7287
359.0841
360.0458
361.6296
363.8527
366.7335
370.2914
374.5467
379.5198
385.2318
391.7032
398.9533
407.0002
415.8591
425.5418
436.0555
447.4010
459.5720
472.5529
486.3178
500.8283
516.0324
531.8629
548.2368
565.0540
582.1976
599.5346
616.9165
634.1821
651.1595
667.6703
683.5332
698.5690
712.6049
725.4793
737.0466
747.1807
755.7779
762.7599
768.0743
771.6951
773.6222
773.8798
772.5141
769.5909
765.1926
759.4145
752.3625
744.1496
734.8929
724.7117
713.7247
702.0484
689.7956
677.0742
663.9863
650.6275
637.0867
623.4458
609.7796
596.1560
582.6364
569.2757
556.1227
543.2206
530.6074
518.3165
506.3765
494.8123
483.6455
472.8941
462.5736
452.6971
443.2756
434.3184
425.8333
417.8268
410.3049
403.2725
396.7344
390.6949
385.1585
380.1297
375.6134
371.6150
368.1404
365.1966
362.7910
360.9324
359.6306
358.8966
358.7425
359.1820
360.2297
361.9020
364.2161
367.1905
370.8449
375.1994
380.2748
386.0919
392.6711
400.0318
408.1916
417.1652
426.9640
437.5943
449.0560
461.3415
474.4341
488.3060
502.9171
518.2133
534.1253
550.5677
567.4380
584.6171
601.9696
619.3452
636.5810
653.5039
669.9349
685.6927
700.5986
714.4812
727.1810
738.5547
748.4792
756.8544
763.6054
768.6836
772.0666
773.7579
773.7849
772.1968
769.0618
764.4641
758.5011
751.2796
742.9134
733.5201
723.2189
712.1284
700.3647
688.0399
675.2612
662.1297
648.7402
635.1807
621.5319
607.8677
594.2552
580.7547
567.4202
554.2998
541.4360
528.8661
516.6226
504.7339
493.2242
482.1145
471.4225
461.1635
451.3501
441.9931
433.1016
424.6831
416.7442
409.2905
402.3271
395.8585
389.8892
384.4236
379.4663
375.0222
371.0967
367.6961
364.8271
362.4976
360.7163
359.4934
358.8398
358.7680
359.2917
360.4259
362.1870
364.5924
367.6609
371.4121
375.8663
381.0443
386.9669
393.6545
401.1260
409.3989
418.4876
428.4026
439.1494
450.7271
463.1269
476.3306
490.3087
505.0193
520.4063
536.3981
552.9070
569.8281
587.0400
604.4051
621.7712
638.9737
655.8386
672.1862
687.8354
702.6081
716.3344
728.8566
740.0343
749.7473
757.8990
764.4181
769.2596
772.4049
773.8610
773.6584
771.8491
768.5039
763.7089
757.5630
750.1743
741.6571
732.1294
721.7106
710.5189
698.6700
686.2753
673.4412
660.2681
646.8497
633.2729
619.6177
605.9568
592.3565
578.8761
565.5689
552.4820
539.6573
527.1312
514.9358
503.0987
491.6439
480.5917
469.9595
459.7622
450.0121
440.7198
431.8940
423.5423
415.6710
408.2857
401.3913
394.9924
389.0934
383.6987
378.8129
374.4411
370.5888
367.2621
364.4682
362.2149
360.5112
359.3673
358.7944
358.8052
359.4134
360.6344
362.4846
364.9818
368.1447
371.9930
376.5474
381.8284
387.8569
394.6532
402.2360
410.6223
419.8261
429.8574
440.7208
452.4144
464.9281
478.2423
492.3258
507.1349
522.6112
538.6811
555.2544
572.2239
589.4659
606.8406
624.1940
641.3599
658.1632
674.4239
689.9609
704.5971
718.1639
730.5059
741.4852
750.9848
758.9115
765.1978
769.8023
772.7101
773.9315
773.5003
771.4713
767.9175
762.9272
756.6006
749.0468
740.3809
730.7213
720.1872
708.8966
696.9646
684.5021
671.6147
658.4017
644.9560
631.3636
617.7033
604.0472
590.4602
577.0010
563.7219
550.6694
537.8844
525.4028
513.2560
501.4711
490.0714
479.0771
468.5050
458.3696
448.6830
439.4555
430.6958
422.4110
414.6074
407.2906
400.4653
394.1361
388.3075
382.9837
378.1696
373.8702
370.0911
366.8386
364.1199
361.9430
360.3171
359.2524
358.7605
358.8540
359.5472
360.8553
362.7950
365.3842
368.6419
372.5879
377.2427
382.6272
388.7620
395.6673
403.3617
411.8617
421.1809
431.3286
442.3085
454.1178
466.7450
480.1691
494.3571
509.2635
524.8278
540.9740
557.6096
574.6251
591.8944
609.2757
626.6131
643.7389
660.4772
676.6474
692.0688
706.5651
719.9694
732.1284
742.9070
752.1914
759.8919
765.9445
770.3117
772.9821
773.9696
773.3109
771.0635
767.3030
762.1192
