0.000000
0.000000
0.000000
0.000000
0.000000
0.000000
0.000000
0.000000
0.000000
0.000000
0.000000
0.001088
0.365814
4.807265
21.313970
50.413284
71.946787
55.732551
0.291247
-42.930137
-22.835200
22.865546
16.087741
-16.167701
-4.179451
10.591279
-3.935703
-2.276711
2.483323
-12.335416
-14.325752
-2.606904
0.000000
0.000000
0.000000
0.000000
0.000000
0.000000
0.000000
0.000000
0.000000
0.000000
0.000000
0.030236
0.468125
2.445202
-3.760046
-25.320829
-35.221008
-14.477239
12.268341
16.432438
4.670471
-3.657475
-2.519821
-0.162137
0.000000
0.000000
0.000000
0.000000
0.000000
0.000000
0.000000
0.000000
