0.000000
0.000000
0.000000
0.000000
0.000000
0.000000
0.000000
0.000000
0.000000
0.000000
0.000000
0.000000
0.000000
0.000000
0.000000
0.000000
0.000000
0.000000
0.000000
0.000000
0.000000
0.000000
0.000000
0.000000
0.000000
0.000000
0.000000
0.000000
0.000000
0.000000
0.000000
0.000000
0.000000
0.000000
0.000000
0.000000
0.000000
0.000000
0.000000
0.000000
0.000000
0.000000
0.000000
0.000000
0.000000
0.000000
0.000000
0.000000
0.000000
0.000000
0.000000
0.000000
0.000000
0.000000
0.000000
0.000000
0.000000
0.000000
0.000000
0.000000
0.000000
0.000000
0.012093
0.082439
0.258789
0.547424
0.926132
1.376198
1.879468
2.414616
2.955659
3.471414
3.925818
4.279137
4.490175
4.519483
4.333510
3.909437
3.240307
2.339812
1.245986
0.022882
-1.240635
-2.435721
-3.442403
-4.142294
-4.434287
-4.251583
-3.577577
-2.457648
-1.003684
0.611316
2.170123
3.439328
4.205920
4.317255
3.717207
2.470247
0.765770
-1.102437
-2.782185
-3.929068
-4.281476
-3.728327
-2.351711
-0.429257
1.611501
3.283189
4.156481
3.978179
2.756429
0.783482
-1.420281
-3.236136
-4.121707
-3.782299
-2.283557
-0.060511
2.194005
3.739453
4.035833
2.946682
0.817612
-1.613834
-3.463210
-3.868080
-2.479513
-0.732091
0.000000
0.000000
0.000000
0.000000
0.000000
0.000000
0.000000
0.000000
0.000000
0.000000
0.000000
0.000000
0.000000
0.000000
0.000000
0.000000
0.000000
0.000000
0.000000
0.000000
0.000000
0.000000
0.000000
0.000000
0.000000
0.000000
0.000000
0.000000
0.000000
0.000000
0.000000
0.000000
0.000000
0.000000
0.000000
0.000000
0.000000
0.000000
0.000000
0.000000
0.000000
0.000000
0.000000
0.000000
0.000000
0.000000
0.000000
0.000000
0.000000
0.000000
0.000000
0.000000
0.000000
0.000000
0.000000
0.000000
0.000000
0.000000
0.000000
0.000000
0.000000
0.103008
0.129943
0.310581
-0.210453
-0.164900
1.235751
1.952137
-0.082190
-2.084749
-2.825982
-2.920291
-3.023975
-3.507930
-3.731959
-1.857832
0.335004
0.630552
-0.052908
0.065781
-0.126562
0.209847
1.502779
2.946824
2.460973
0.908872
0.123168
0.395625
0.065342
0.042348
0.554256
-0.064292
-1.479173
-1.315684
0.017488
0.302942
0.000000
0.000000
0.000000
0.000000
0.000000
0.000000
0.000000
0.000000
0.000000
0.000000
0.000000
0.000000
0.000000
0.000000
0.000000
0.000000
0.000000
0.000000
0.000000
0.000000
0.000000
0.000000
0.000000
0.000000
0.000000
0.000000
0.000000
0.000000
0.000000
0.000000
0.000000
0.000000
