0.000000
0.000000
0.000000
0.000000
0.000000
0.000000
0.000000
0.000000
0.000000
0.000000
0.000000
0.000000
0.000000
0.000000
0.000000
0.000000
0.000000
0.000000
0.000000
0.000000
0.000000
0.000000
0.000000
0.000000
0.000000
0.000000
0.000000
0.000000
0.003628
0.137984
0.932527
3.056504
6.642796
11.130382
15.591888
18.834819
19.523781
16.562297
9.664730
-0.090476
-10.078593
-16.689161
-16.756052
-9.444192
2.438622
12.948966
15.874582
8.860937
-3.961784
-13.660603
-12.664395
-1.400027
10.725142
12.697167
2.441673
-9.881355
-11.292908
-0.192577
10.638227
8.209392
-4.080815
-10.378802
-6.323464
-1.183109
0.000000
0.000000
0.000000
0.000000
0.000000
0.000000
0.000000
0.000000
0.000000
0.000000
0.000000
0.000000
0.000000
0.000000
0.000000
0.000000
0.000000
0.000000
0.000000
0.000000
0.000000
0.000000
0.000000
0.000000
0.000000
0.000000
0.000000
0.000000
0.100788
0.343170
0.571713
2.129825
0.729621
-5.819464
-12.685105
-13.202438
-7.564583
-1.348348
0.959832
3.978425
7.184414
5.710505
2.040585
0.391984
-1.635870
-2.321733
-0.914480
0.187012
0.000000
0.000000
0.000000
0.000000
0.000000
0.000000
0.000000
0.000000
0.000000
0.000000
0.000000
0.000000
0.000000
0.000000
0.000000
0.000000
