0.000000
0.000000
0.000000
0.000000
0.000000
0.000000
0.000000
0.000000
0.000000
0.000000
0.000000
0.000000
0.000000
0.000000
0.000000
0.000000
0.000000
0.000000
0.000000
0.000000
0.000000
0.000000
0.000000
0.000000
0.000000
0.000000
0.000000
0.000000
0.003628
0.039057
0.110740
0.204035
0.180678
-0.071664
-0.511125
-1.085927
-1.696965
-2.181836
-2.333784
-1.965334
-1.011449
0.364572
1.732485
2.499996
2.184520
0.758235
-1.153492
-2.460890
-2.236649
-0.465012
1.691560
2.561539
1.311084
-1.106098
-2.509631
-1.464359
1.079835
2.452884
1.066049
-1.551117
-2.168969
-0.318100
1.860340
1.183109
0.000000
0.000000
0.000000
0.000000
0.000000
0.000000
0.000000
0.000000
0.000000
0.000000
0.000000
0.000000
0.000000
0.000000
0.000000
0.000000
0.000000
0.000000
0.000000
0.000000
0.000000
0.000000
0.000000
0.000000
0.000000
0.000000
0.000000
0.000000
-0.022822
-0.235544
0.024820
-0.333602
-0.348801
-1.229631
-0.083994
1.242759
1.418320
1.780184
-0.381211
-0.024650
0.024241
-1.019846
-1.368715
-0.164212
-0.018487
-0.309299
0.945959
-0.187012
0.000000
0.000000
0.000000
0.000000
0.000000
0.000000
0.000000
0.000000
0.000000
0.000000
0.000000
0.000000
0.000000
0.000000
0.000000
0.000000
