0.000000
0.000000
0.000000
0.000000
0.000000
0.000000
0.000000
0.000000
0.000000
0.000000
0.000000
0.001088
0.200233
0.863492
1.676746
1.323416
-2.939745
-9.240388
-11.089832
-3.909050
6.588575
7.721151
-2.243342
-7.324336
2.153798
6.333242
-5.613585
-1.350205
5.525939
-6.392287
2.943517
2.606904
0.000000
0.000000
0.000000
0.000000
0.000000
0.000000
0.000000
0.000000
0.000000
0.000000
0.000000
0.030236
0.056321
-0.796928
-1.508616
-0.737792
-0.652531
6.899336
3.615653
-0.808962
-4.490672
-0.933155
0.873756
0.162137
0.000000
0.000000
0.000000
0.000000
0.000000
0.000000
0.000000
0.000000
