0.000000
0.000000
0.000000
0.000000
0.000000
0.000000
0.000000
0.000000
0.000000
0.000000
0.000000
0.000000
0.000000
0.000000
0.000000
0.000000
0.000000
0.000000
0.000000
0.000000
0.000000
0.000000
0.000000
0.000000
0.000000
0.000000
0.000000
0.000000
0.000000
0.000000
0.000000
0.000000
0.000000
0.000000
0.000000
0.000000
0.000000
0.000000
0.000000
0.000000
0.000000
0.000000
0.000000
0.000000
0.000000
0.000000
0.000000
0.000000
0.000000
0.000000
0.000000
0.000000
0.000000
0.000000
0.000000
0.000000
0.000000
0.000000
0.000000
0.000000
0.000000
0.000000
0.002718
0.008761
0.017348
0.013531
-0.002855
-0.028840
-0.063074
-0.104425
-0.151590
-0.202878
-0.256075
-0.308368
-0.356341
-0.396058
-0.423252
-0.433616
-0.423226
-0.389045
-0.329501
-0.245063
-0.138738
-0.016384
0.113269
0.238992
0.347894
0.426731
0.463631
0.450057
0.382743
0.265265
0.108840
-0.067988
-0.241033
-0.383546
-0.470444
-0.483114
-0.413926
-0.269444
-0.071300
0.145966
0.340299
0.470177
0.503943
0.428389
0.254276
0.016759
-0.230367
-0.426206
-0.517950
-0.476075
-0.305136
-0.046208
0.231163
0.446729
0.532976
0.457527
0.236968
-0.063879
-0.349123
-0.521779
-0.517610
-0.331001
-0.022108
0.454884
0.817116
0.732091
0.000000
0.000000
0.000000
0.000000
0.000000
0.000000
0.000000
0.000000
0.000000
0.000000
0.000000
0.000000
0.000000
0.000000
0.000000
0.000000
0.000000
0.000000
0.000000
0.000000
0.000000
0.000000
0.000000
0.000000
0.000000
0.000000
0.000000
0.000000
0.000000
0.000000
0.000000
0.000000
0.000000
0.000000
0.000000
0.000000
0.000000
0.000000
0.000000
0.000000
0.000000
0.000000
0.000000
0.000000
0.000000
0.000000
0.000000
0.000000
0.000000
0.000000
0.000000
0.000000
0.000000
0.000000
0.000000
0.000000
0.000000
0.000000
0.000000
0.000000
0.000000
0.103008
0.060944
-0.963385
-1.217951
0.257992
0.169369
0.044301
-0.576865
-0.166155
0.151707
0.249192
0.234945
0.219052
0.362873
0.438913
0.554985
-0.426583
-0.239888
3.162483
3.152673
0.752587
-0.716990
0.310740
-0.256566
-1.169859
-2.805533
-1.097784
0.737869
-0.225488
-0.577007
-1.490529
0.646014
0.610160
1.007650
-0.302942
0.000000
0.000000
0.000000
0.000000
0.000000
0.000000
0.000000
0.000000
0.000000
0.000000
0.000000
0.000000
0.000000
0.000000
0.000000
0.000000
0.000000
0.000000
0.000000
0.000000
0.000000
0.000000
0.000000
0.000000
0.000000
0.000000
0.000000
0.000000
0.000000
0.000000
0.000000
0.000000
