0.000000
0.000000
0.000000
0.000000
0.000000
0.000000
0.000000
0.000000
0.000000
0.000000
0.000000
0.000000
0.000000
0.000000
0.000000
0.000000
0.000000
0.000000
0.000000
0.000000
0.000000
0.000000
0.000000
0.000000
0.000000
0.000000
0.000000
0.000000
0.000000
0.000000
0.000000
0.000000
0.000000
0.000000
0.000000
0.000000
0.000000
0.000000
0.000000
0.000000
0.000000
0.000000
0.000000
0.000000
0.000000
0.000000
0.000000
0.000000
0.000000
0.000000
0.000000
0.000000
0.000000
0.000000
0.000000
0.000000
0.000000
0.000000
0.000000
0.000000
0.000000
0.000000
0.000000
0.000000
0.000000
0.000000
0.000000
0.000000
0.000000
0.000000
0.000000
0.000000
0.000000
0.000000
0.000000
0.000000
0.000000
0.000000
0.000000
0.000000
0.000000
0.000000
0.000000
0.000000
0.000000
0.000000
0.000000
0.000000
0.000000
0.000000
0.000000
0.000000
0.000000
0.000000
0.000000
0.000000
0.000000
0.000000
0.000000
0.000000
0.000000
0.000000
0.000000
0.000000
0.000000
0.000000
0.000000
0.000000
0.000000
0.000000
0.000000
0.000000
0.000000
0.000000
0.000000
0.000000
0.000000
0.000000
0.000000
0.000000
0.000000
0.000000
0.000000
0.000000
0.000000
0.000000
0.000000
0.000000
0.000000
0.007812
0.024686
0.048377
0.077942
0.112760
0.152344
0.196257
0.244068
0.295330
0.349559
0.406220
0.464718
0.524388
0.584494
0.644222
0.702685
0.758924
0.811912
0.860568
0.903769
0.940364
0.969195
0.989124
0.999057
0.997975
0.984969
0.959272
0.920298
0.867678
0.801297
0.721325
0.628252
0.522909
0.406490
0.280560
0.147055
0.008272
-0.133158
-0.274304
-0.411992
-0.542874
-0.663505
-0.770441
-0.860350
-0.930121
-0.976993
-0.998676
-0.993473
-0.960395
-0.899257
-0.810764
-0.696564
-0.559269
-0.402450
-0.230580
-0.048945
0.136495
0.319284
0.492690
0.649952
0.784564
0.890562
0.962825
0.997355
0.991546
0.944391
0.856652
0.730941
0.571733
0.385274
0.179398
-0.036757
-0.253121
-0.459147
-0.644329
-0.798758
-0.913690
-0.982094
-0.999142
-0.962613
-0.873173
-0.734507
-0.553276
-0.338892
-0.103105
0.140584
0.377666
0.593477
0.774129
0.907445
0.983852
0.997146
0.945086
0.829749
0.657603
0.439271
0.188986
-0.076262
-0.337822
-0.576683
-0.774871
-0.916860
-0.990868
-0.989945
-0.912732
-0.763827
-0.553672
-0.297969
-0.016620
0.267753
0.531587
0.752343
0.910491
0.991333
0.986495
0.894930
0.723309
0.485729
0.202706
-0.100471
-0.395933
-0.655770
-0.854710
-0.972666
-0.996899
-0.923554
-0.758375
0.000000
0.000000
0.000000
0.000000
0.000000
0.000000
0.000000
0.000000
0.000000
0.000000
0.000000
0.000000
0.000000
0.000000
0.000000
0.000000
0.000000
0.000000
0.000000
0.000000
0.000000
0.000000
0.000000
0.000000
0.000000
0.000000
0.000000
0.000000
0.000000
0.000000
0.000000
0.000000
0.000000
0.000000
0.000000
0.000000
0.000000
0.000000
0.000000
0.000000
0.000000
0.000000
0.000000
0.000000
0.000000
0.000000
0.000000
0.000000
0.000000
0.000000
0.000000
0.000000
0.000000
0.000000
0.000000
0.000000
0.000000
0.000000
0.000000
0.000000
0.000000
0.000000
0.000000
0.000000
0.000000
0.000000
0.000000
0.000000
0.000000
0.000000
0.000000
0.000000
0.000000
0.000000
0.000000
0.000000
0.000000
0.000000
0.000000
0.000000
0.000000
0.000000
0.000000
0.000000
0.000000
0.000000
0.000000
0.000000
0.000000
0.000000
0.000000
0.000000
0.000000
0.000000
0.000000
0.000000
0.000000
0.000000
0.000000
0.000000
0.000000
0.000000
0.000000
0.000000
0.000000
0.000000
0.000000
0.000000
0.000000
0.000000
0.000000
0.000000
0.000000
0.000000
0.000000
0.000000
0.000000
0.000000
0.000000
0.000000
0.000000
0.000000
0.000000
0.000000
0.000000
0.000000
0.000000
0.000000
0.343361
0.057500
-0.711939
0.965806
0.017727
-0.999276
-0.298036
0.703213
0.996081
0.707043
0.247732
-0.142737
-0.404042
-0.554959
-0.629494
-0.655025
-0.650898
-0.632719
-0.615947
-0.616932
-0.651295
-0.729379
-0.846657
-0.965281
-0.987607
-0.748531
-0.112352
0.722207
0.935010
-0.144662
-0.984661
0.456017
0.488900
-0.927056
0.999289
-0.999179
0.915873
-0.384792
-0.701969
0.688572
0.962343
0.629044
0.528527
0.810743
0.956662
-0.196837
-0.781555
0.985332
-0.960299
0.516870
0.754953
-0.211497
-0.554227
-0.244665
0.736505
0.464993
-0.852069
0.689510
0.308773
-0.793898
-0.961479
-0.711301
0.569521
0.220143
0.000000
0.000000
0.000000
0.000000
0.000000
0.000000
0.000000
0.000000
0.000000
0.000000
0.000000
0.000000
0.000000
0.000000
0.000000
0.000000
0.000000
0.000000
0.000000
0.000000
0.000000
0.000000
0.000000
0.000000
0.000000
0.000000
0.000000
0.000000
0.000000
0.000000
0.000000
0.000000
0.000000
0.000000
0.000000
0.000000
0.000000
0.000000
0.000000
0.000000
0.000000
0.000000
0.000000
0.000000
0.000000
0.000000
0.000000
0.000000
0.000000
0.000000
0.000000
0.000000
0.000000
0.000000
0.000000
0.000000
0.000000
0.000000
0.000000
0.000000
0.000000
0.000000
0.000000
0.000000
