0.000000
0.000000
0.000000
0.000000
0.000000
0.000000
0.000392
0.000784
1.928808
3.463843
33.333235
47.838745
138.248673
177.790616
269.216245
295.700859
296.079465
268.424871
119.770548
116.558530
-7.889906
2.430742
-2.689004
-15.674128
-1.781550
-0.323526
-26.040044
-23.668468
-38.766577
-49.500815
-49.272497
-45.296112
-29.602631
-22.839525
-7.735906
-7.034242
0.000000
0.000000
0.010885
0.021770
1.151202
1.833113
-8.656766
-12.258498
-44.979823
-62.541012
-93.863653
-105.200153
-102.311905
-86.773740
-21.551437
-23.413080
17.437182
12.406208
7.583396
8.807414
-2.920760
-2.853034
-1.360704
-1.023874
0.000000
0.000000
0.000000
0.000000
0.000000
0.000000
0.000000
0.000000
0.000000
0.000000
0.000000
0.000000
0.000000
0.000000
0.000000
0.000000
0.000000
0.000000
0.000000
0.000000
0.000000
0.000000
0.000000
0.000000
0.000000
0.000000
0.000000
0.000000
0.000000
0.000000
0.000000
0.000000
0.000000
0.000000
0.000000
0.000000
0.000000
0.000000
0.000000
0.000000
0.000000
0.000000
0.000000
0.000000
0.000000
0.000000
0.000000
0.000000
0.000000
0.000000
0.000000
0.000000
0.000000
0.000000
0.000000
0.000000
0.000000
0.000000
0.000000
0.000000
0.000000
0.000000
0.000000
0.000000
0.000000
0.000000
0.000000
0.000000
