-5.16257
6.25784
1.94706
3.97551
-4.23458
9.81925
4.58930
-0.02904
-0.37594
5.48155
2.52794
-1.99631
7.45123
-3.43907
1.31467
0.95408
-6.30939
12.41209
-4.51607
-4.25016
-0.04988
-1.65718
-1.07605
-12.36768
3.37776
6.08363
-5.47614
3.45326
2.50585
-1.94957
-2.37248
-2.35988
7.81993
-6.85354
3.21364
9.00877
-2.16225
-0.40215
7.45936
-6.87964
3.83320
-1.07674
5.67545
-1.67970
-3.21591
13.80412
-1.03489
6.04647
3.46382
3.38477
-2.89713
-1.73030
10.46397
1.59382
0.03398
-2.15557
7.61912
-2.47331
-6.91587
1.18510
6.83575
-4.60314
-11.88365
-2.94339
0.44784
-2.06157
3.77915
-0.73588
-1.94437
-5.14182
1.99692
1.13709
3.82964
1.42208
0.77015
-3.72543
14.78780
-4.21267
-1.05108
-8.49327
-10.05480
-7.63461
15.16233
4.55833
-3.27808
-2.01651
5.00567
-3.44424
-1.50882
-2.10622
-3.80939
4.04842
8.85550
5.62858
-6.15062
1.43428
1.56177
3.37505
-1.89149
4.71711
15.88220
1.76359
5.34164
-1.44280
-1.24238
8.89512
0.74744
3.02921
-1.49405
-1.23970
-1.09888
-3.05275
0.04980
-4.94307
-2.01521
-3.93729
0.70202
6.19273
0.85718
10.82075
-3.92090
-1.23625
-3.82289
10.13589
3.60390
5.88988
2.67493
1.67134
1.85341
7.42837
-5.33491
12.99548
0.56019
3.82389
-0.80353
-1.71586
4.01504
9.00399
7.35816
-3.64744
-2.92901
0.01120
-0.95315
-1.76176
-0.22881
-7.14539
-1.59411
-2.02195
-7.07657
5.71543
1.54226
-8.62784
2.78312
6.70752
4.62226
3.87764
5.46581
3.83374
5.92662
-0.71939
-6.36792
-3.68999
6.62292
2.04179
-1.62846
-5.59750
-1.06643
-1.28138
-4.42187
0.55000
4.22016
-3.15984
0.11342
-5.41477
4.38029
1.66948
0.67287
0.32362
0.26272
-0.52184
3.08267
2.77780
7.08821
-4.69163
6.34076
-5.70796
1.86402
-6.04813
0.13124
-0.88711
9.31971
-0.12665
-5.77730
-1.84057
3.25066
2.78650
2.04508
0.63288
-6.68054
2.82168
-6.07499
-10.22830
4.93804
3.94653
0.32744
3.82594
10.70111
11.56864
-6.86192
-7.74844
1.19350
16.23740
-4.42965
-3.88120
-1.47280
0.07826
-6.20558
2.39670
-7.65504
0.75950
-5.06998
0.17247
9.73671
-2.19162
1.70110
1.83667
2.89589
-3.77458
5.76068
9.59100
-9.12648
-6.88397
7.62940
4.48228
-0.05022
-5.90868
7.49439
1.19258
4.48149
0.20801
7.99120
-4.54728
-0.33054
0.43650
10.55978
6.21905
4.62929
12.93110
6.21042
-0.95376
2.93280
-3.42235
4.42068
6.85989
4.03653
3.14887
-0.40241
6.09708
0.20486
10.59172
1.34640
11.92200
3.43883
2.74528
10.03260
6.43249
-2.13868
-6.73747
-1.07947
1.78797
-0.85645
4.24389
-2.35468
-6.08727
-1.44931
4.75492
-4.29435
-8.16159
9.51850
15.70292
6.35653
0.51977
-0.14161
-5.51315
8.35862
1.77982
7.56109
0.41366
-6.05409
2.13738
-10.07576
6.91163
-7.61281
2.39200
-3.18125
0.09246
8.92658
6.49375
-2.18357
0.83741
-0.03724
10.46344
3.56986
4.45229
5.37664
-1.02882
0.31745
3.28652
-9.40961
7.14058
2.32606
-0.54388
2.16672
-5.20119
-0.34134
0.10798
-4.10470
5.47273
2.02564
-1.98207
7.89848
7.02200
7.19964
5.82119
-1.81835
5.77044
5.18541
-1.11021
-10.02740
-10.71721
-2.32585
7.49194
0.00082
0.20891
-2.35662
8.25501
-5.23799
-0.34397
5.95020
3.26964
3.21295
-2.76902
6.39282
-0.29041
10.64984
5.04174
8.38281
3.42753
-4.21219
-2.86356
2.77988
-3.50783
-5.50460
-5.28501
2.46507
-7.97569
-2.40926
-1.31542
0.60539
-4.59708
-2.89344
10.30671
11.70103
-3.29529
8.31931
0.53647
1.49817
0.81206
3.88830
-8.89015
-1.15315
2.34257
9.35521
-2.05429
4.57785
-5.23492
8.25901
-5.67213
3.19705
-5.06159
-4.38108
8.78927
-9.19668
-5.42000
-5.01702
5.52851
6.71015
1.15102
3.20276
1.23497
5.83973
9.43829
3.58232
4.03770
7.01903
0.44725
-0.76001
-2.88410
7.03657
-1.26040
-7.78776
6.91618
9.22486
8.54714
13.18130
6.46685
-0.09889
5.35835
-1.76288
6.81232
4.89849
4.60472
2.78519
5.81770
-4.90080
1.13100
13.39334
-6.36376
-5.07778
10.29989
0.69381
7.27294
-9.63819
4.07572
-0.18595
-1.77037
0.87054
2.85311
7.19762
0.76594
1.71936
-1.35223
10.39749
1.48378
11.47484
-0.36736
2.47984
7.12066
-7.12853
-3.23581
-1.76427
-0.93666
3.32668
8.30261
7.82514
1.37305
4.62084
2.87511
0.67301
-2.82938
-2.83891
-1.12486
-7.98940
7.44205
3.80359
-0.40608
-2.53139
16.52574
7.34845
-0.84932
0.64455
-6.79940
-1.20929
-2.16439
6.48267
2.61285
2.39347
11.89718
-1.47412
4.28214
-11.06379
7.64416
-3.19665
-5.98512
-1.49084
5.98478
2.62023
-0.45799
1.69323
-0.36216
3.01725
0.35160
-11.38567
-2.61465
-6.78917
2.49578
2.90557
-2.18448
-4.81401
-2.22511
6.32872
-1.05732
-3.42655
-1.55957
-4.55334
1.63619
6.74698
8.88830
-4.35339
5.74004
1.61592
-5.65775
2.09114
8.45909
2.73455
-1.81466
15.64387
6.13278
2.03101
3.31870
4.76198
-3.07504
-7.45300
-1.11480
-6.36477
-2.50082
-2.79366
-3.67478
4.02594
-4.38836
3.09990
0.66718
-8.03223
-1.97120
-3.16144
-1.12594
4.82949
-2.47653
4.30645
-3.66898
-0.65702
-7.69172
-0.68618
-7.56254
2.39095
0.17596
2.83012
-7.91741
6.83657
0.33884
2.54950
-4.55143
-1.10730
-5.13105
-1.61563
7.79407
-8.98210
-5.04607
-2.45858
3.57489
-3.43484
-2.13302
7.27926
-7.61442
-1.22957
-1.20161
-7.13794
-4.23709
-5.19360
-6.26325
15.71264
1.36462
-7.81755
-3.01214
2.31241
-7.38255
10.22337
-3.59941
2.76865
-8.03127
-5.67891
-1.96578
0.35845
0.80744
7.21695
5.76348
5.36086
4.09404
11.90080
-0.08612
6.87481
-5.80886
-1.54785
-2.42372
3.65440
6.50077
2.42613
0.91597
-4.22009
6.02288
7.34649
1.77574
-1.15862
-12.60206
4.26610
-6.02846
-2.06636
2.66350
-7.17973
-3.18586
2.40216
4.06939
-2.94833
2.51447
-1.23204
-9.02550
3.69047
-2.11669
9.09851
8.65348
-5.03000
-3.77715
-7.39383
-1.20880
2.00408
-0.78102
4.39537
5.74974
10.71958
-5.13802
-3.54555
9.85644
3.32029
4.71458
4.89297
13.31972
2.21213
8.78052
0.21024
7.09720
-4.82689
13.21633
9.48963
6.22907
-1.00334
7.92096
2.71944
-6.91731
-0.29823
4.19516
-2.18724
-4.22412
0.09766
-4.86531
1.43750
-7.93647
-1.68449
5.74085
-8.18965
-6.19705
1.55481
-2.83363
-11.06466
2.50859
-2.64630
2.85488
3.15367
4.89565
2.37535
0.59523
-11.77049
1.44817
2.93465
-3.35724
-0.93057
-0.98034
8.67313
0.91661
1.88474
-1.56329
7.02391
-9.03097
2.08105
-4.13235
1.88100
-8.41466
-4.94537
11.95817
-3.08802
6.05232
3.03387
-1.52569
-1.79739
-8.83780
2.68806
7.31835
9.76094
-0.00836
0.44640
9.68414
4.35339
6.53158
5.36166
2.39871
1.80848
4.69169
8.67628
2.12010
-5.51476
-5.60733
5.29983
-3.20345
11.69712
1.90696
-10.07310
5.83965
-1.72885
2.84327
-5.77521
3.82444
15.55119
6.34971
-0.67949
0.63854
1.48167
11.35345
-4.82645
-2.58914
8.81317
4.50571
-1.90274
0.08787
2.21987
2.54111
9.49736
2.67046
-9.23344
2.66565
-3.16427
-2.05389
-4.32199
-4.31687
11.93177
5.03587
-4.37119
-6.63623
8.57320
-6.65850
-1.83460
3.72264
-9.21503
6.53959
3.60083
-4.75964
-1.67715
7.28684
10.40726
-3.42220
6.31016
4.25632
-3.61668
-0.59833
6.75618
4.56593
2.30372
-1.96782
4.63757
-10.25323
1.73733
4.55472
-5.50679
7.65895
-6.87035
2.91058
2.35155
-13.85797
5.32629
-8.06311
2.27505
4.67887
-4.36138
-5.68119
3.32532
6.81458
4.81268
7.76455
7.78661
0.25451
0.34398
7.18699
3.71382
1.70221
-10.80661
-2.09810
12.61577
6.15098
10.20913
-4.29348
0.35635
-4.54060
-2.53771
-3.92395
-6.14400
8.62390
-10.80456
3.55892
-4.79196
5.22864
8.31293
-2.00639
2.49245
-1.00124
6.64879
3.02309
7.47018
-3.83791
-3.59419
2.04421
-9.58220
1.10114
3.93082
1.92003
14.67617
2.42529
9.39775
2.23864
5.23322
-0.00188
3.52952
1.09984
0.17710
4.01125
2.98382
-2.38600
-11.18395
-6.05531
4.97894
2.60767
6.34430
4.08791
-0.01195
-3.15217
1.57211
6.03818
1.91063
-0.12472
4.88012
3.06603
-5.13216
0.07231
15.35245
8.06720
0.32081
-1.69152
-2.48622
1.56385
3.75401
3.63417
-5.87292
-4.32181
7.01961
-0.30804
11.31949
5.23394
-2.18559
0.33350
-2.49530
9.32476
4.29341
6.10441
2.49145
-10.03712
-5.40104
4.38875
-3.99222
5.16306
6.80669
-10.20466
-0.65808
7.08316
5.57758
-0.88684
17.29165
10.24636
-3.60531
1.37645
6.21155
7.98141
-4.44439
3.15495
3.21089
0.82690
7.62587
2.03931
2.74687
2.07238
4.91302
-4.36419
6.27742
-3.85492
9.53735
5.90940
-2.21224
-4.20416
4.55264
-1.09709
7.08811
0.39143
1.53104
0.14862
4.37960
-2.09254
0.55221
6.21977
0.84560
-5.33911
5.99259
6.11188
-4.48536
-1.53331
0.56563
4.37657
10.92791
-3.32731
7.11108
-7.72417
-7.01777
0.55995
0.77074
2.92288
4.27662
-0.09961
16.70156
8.75361
-6.29997
2.83363
1.14079
-2.90052
-2.19438
1.44037
-5.02673
9.23359
5.09176
1.81987
2.23386
-4.16868
-5.39918
2.77857
10.10210
8.48919
-1.42418
-0.89249
11.32650
7.57608
2.54721
2.79243
3.58248
-3.66886
4.52188
6.51394
-3.48686
5.95974
-3.91404
-6.67498
9.05066
9.97648
2.42661
-1.14388
12.53228
9.05234
-2.31988
1.88217
4.67819
4.52928
1.66644
7.00862
4.16218
6.63945
-2.00765
2.59155
3.09131
1.06339
4.32910
3.49108
8.80604
-1.46311
3.19504
-7.95939
-1.45892
3.58594
5.14556
9.79178
0.90355
0.05612
2.12912
8.51031
4.18693
-0.91268
2.86726
6.21683
5.46710
4.88095
-7.15095
-5.42618
-2.51925
5.41593
-3.36698
3.28043
3.89629
2.51531
2.09595
4.93627
1.05083
-5.06121
7.46612
3.67559
-6.77791
-0.74568
4.97642
-5.96362
3.03747
-10.16551
1.10838
-1.88964
7.23290
-7.94015
5.75887
-3.86789
-5.46972
10.32119
7.25602
1.77041
-1.97645
6.19230
2.12629
-2.65712
-8.49015
-5.06988
9.07640
-1.19573
8.31854
1.51610
-9.49900
-2.94863
-4.77836
3.34497
0.31195
1.46410
1.55051
-7.27759
1.07153
3.40513
6.62592
1.43152
8.45228
4.37419
-11.01021
1.64874
-5.04827
-2.96073
7.15692
1.66247
10.42841
3.67445
10.57120
1.47910
0.95819
-4.41304
4.87969
-1.46038
9.67537
-1.25914
-7.42375
-1.37132
-10.05570
-3.63017
-6.99732
-2.39578
-3.55992
-4.82619
-2.01123
0.62178
9.78880
11.21284
5.12275
-6.57001
9.45348
-2.82220
-5.48043
12.90219
7.08094
-0.60534
-3.22517
6.36045
1.86470
0.13097
1.84772
-3.10607
11.08726
1.28694
-2.05455
8.39403
2.47406
10.32426
-3.91212
-1.56968
3.45031
-2.26051
3.72752
-9.84337
2.52003
-2.56121
0.25986
3.29899
0.68685
0.42723
-6.06475
2.86978
-3.96435
9.85414
-6.84275
-1.63999
-10.17824
-7.20109
-1.16059
0.52676
-0.73703
1.87044
-6.97086
-6.29028
-1.49575
4.13457
4.59584
0.88232
2.84333
5.52982
-0.97234
3.05669
-0.68821
3.57365
0.46448
2.92380
-5.15064
-1.90918
4.70841
0.21304
-1.24197
3.78878
-15.30567
4.20752
-8.60007
-1.19103
1.74331
-5.38067
17.39896
0.19235
14.03408
-8.32211
-2.71556
2.52907
-0.35519
0.44934
4.05405
4.77737
0.98382
1.79831
-2.03296
