1.3442
3.19645
-0.60821
3.19065
-6.64541
-0.675886
2.46634
0.923376
-2.38295
-5.69725
-1.78282
-3.23424
2.23125
-4.60647
4.89338
-7.80113
3.14134
0.34842
-0.939312
14.3614
5.14672
7.47887
13.1314
-1.77104
-2.52317
3.74346
7.66349
4.96484
5.27579
-4.68414
-5.30557
10.9372
-1.17851
-3.98338
0.289932
1.19092
0.898763
-4.01871
4.32101
-7.5278
3.56741
1.70405
11.4915
0.802976
1.23567
-0.984761
7.48517
1.44601
12.1657
6.41707
-6.75366
1.96914
11.2895
4.70872
10.1438
4.55371
3.4852
-2.71277
-0.111623
2.50906
-0.13308
-7.0227
0.165992
5.335
6.17673
-1.17971
3.82651
-4.78891
12.1774
12.777
-3.75061
1.9782
2.17422
-7.15998
2.85368
3.45837
-5.53366
7.27226
2.7308
2.71722
-0.6127
5.80847
3.03687
3.92061
-1.60708
2.35769
-0.272852
1.55324
6.39668
-7.22154
-5.08026
-1.08279
-2.60552
4.03881
-3.9817
1.56102
-0.468235
4.72083
-5.81017
-4.0597
-2.65315
3.75651
1.63927
-1.3194
6.8509
10.5232
1.97772
1.37627
2.96789
-2.32295
-2.07454
6.23233
-4.13309
1.52498
3.63524
1.46254
1.48193
8.95892
-0.561162
-6.50509
4.22122
9.0011
1.55923
0.182604
5.13741
11.6156
-8.49768
4.51829
2.25521
0.285049
-1.86207
-4.29211
0.0522175
-3.22355
-5.53088
-5.38744
1.32964
-3.33595
-0.989371
3.11339
1.02078
-5.39576
-1.791
-10.5259
3.14549
11.2392
0.864483
1.72382
3.85719
-9.46488
-6.91067
5.8674
10.0724
-0.761062
7.38325
0.502498
0.021267
2.91246
4.78706
-3.41531
0.721182
8.0743
2.03532
7.42388
-5.86827
1.22434
-6.01634
-4.52132
6.5388
0.189646
-0.57675
-0.115337
-2.71473
0.432845
-0.989349
8.76314
4.09689
5.51034
3.62315
-2.95862
-2.38172
-7.61398
9.22159
-6.67359
-0.400707
0.128877
3.67561
-11.4518
7.45236
2.31137
2.23672
3.63516
-4.05425
-8.7669
3.9112
-2.85856
-1.52592
3.13461
6.32775
8.33578
-4.25563
13.9329
-2.71207
1.96025
2.39395
-4.70371
4.96265
2.50419
2.25696
13.0411
-6.36952
-7.65011
-4.94405
-6.47967
10.3082
1.08281
2.838
2.2258
-3.03132
5.92933
3.01981
14.5141
7.28516
-11.8984
-2.37305
12.5028
1.35567
0.928615
17.8558
-3.3175
5.82398
5.40593
5.97183
-6.01798
-4.99669
7.80143
-0.0473093
0.246745
1.88271
4.0436
4.26699
-7.19475
-0.26076
1.89757
1.77787
-4.73013
1.89912
-0.354053
6.65926
1.56208
-2.19776
-3.02058
-0.975304
0.740268
-7.53131
4.5311
3.76549
-8.24349
1.5319
4.92597
-3.54454
2.92244
-14.857
4.14922
9.50876
-2.1138
2.75625
-3.54542
-3.10613
-2.44356
4.60607
-3.86299
12.6105
-6.04073
0.964821
2.98581
-5.66423
-1.84919
0.659695
4.21706
8.26829
7.46168
-3.17656
-7.67984
6.34285
2.88787
-3.22465
8.42205
2.0448
8.89005
6.39984
-2.19045
-7.34829
0.843917
-0.49114
6.85056
-3.04094
5.7068
3.08655
4.08451
-12.5596
-1.97396
-4.00406
0.721874
1.14658
0.772126
8.40452
5.12889
0.584931
3.7995
5.4073
2.93686
6.2832
3.76998
-1.13947
7.01719
-4.66038
-0.993261
0.904012
10.3731
-4.19633
-1.90859
-7.47668
-2.49297
3.04478
-3.93045
7.25377
5.7907
-5.98161
3.52735
-0.787971
3.31017
1.28531
-3.68101
5.21348
8.30389
2.11763
-3.03023
5.34314
-0.601637
0.0384679
-5.05405
-6.71174
15.5392
2.86973
-0.304636
-4.71909
0.592286
1.72906
3.04479
13.3103
-2.14012
-2.80297
0.169661
-2.10389
-1.94921
-0.828465
-0.761964
-9.23331
-3.41402
-3.52665
-0.263238
2.90872
0.193468
5.05042
-5.17448
4.0662
0.311005
5.77348
6.61916
-2.72566
0.928343
-0.419399
3.45872
8.79352
6.83758
3.52319
1.58553
3.98471
-3.4065
-5.56541
-4.66478
-1.48591
4.83955
5.51402
4.30238
-0.445328
-3.39185
7.19776
10.7603
-1.65637
6.42419
-1.62057
5.48999
-3.70647
15.3341
-2.82741
3.09508
-3.73685
4.74626
-3.80981
8.70695
-0.0248628
-2.47188
-3.26768
6.77183
-6.65594
0.953078
4.0334
-0.236368
6.3045
0.0817943
4.33351
6.40554
-2.09859
10.5131
4.78701
-2.17722
5.91408
13.0854
12.6589
1.1938
-1.45231
2.19728
-3.0029
4.48953
1.87892
-5.92705
2.05529
-5.22133
1.81268
-8.67044
-3.64311
6.49381
-5.57199
7.3733
-4.17478
-10.8743
4.5672
-0.182262
1.84676
5.06608
4.88698
-0.288692
-3.46035
-4.02903
9.08236
8.82722
-3.72394
-0.623739
6.72446
6.47229
2.54849
5.25026
7.44042
4.51188
7.71794
2.72926
3.3635
11.2674
-0.049009
4.11644
-5.8996
0.70695
8.86451
1.69358
-3.35021
3.23469
-3.6732
-1.72482
2.39217
7.42449
1.07229
-2.44814
-3.40126
-5.52499
-1.99529
2.08982
8.41505
-5.45295
3.69737
10.7625
2.10438
-0.738488
6.84632
0.807023
1.29863
-7.50629
-1.75573
-7.01267
2.39648
-9.75199
6.44323
-0.627229
-12.1106
-1.3376
1.44618
0.51997
-2.44626
8.43649
-0.413161
-4.8144
1.63153
-0.57142
11.1889
1.37836
-1.16779
-0.468883
13.9435
-0.124275
1.46134
2.55933
7.28128
4.84134
6.30027
4.45863
-3.18515
-0.898587
-0.977869
3.7478
10.0517
1.53737
-9.69632
-0.789146
4.72409
-8.10013
-3.19498
-1.95794
5.15332
1.55023
1.47391
-0.344988
6.30541
9.11984
2.64671
0.543924
-6.57497
-7.3852
-15.0822
-7.5822
-8.96013
14.0587
-7.69797
-5.05885
10.1217
-5.32336
-0.893962
2.73848
2.51187
-5.37219
0.612316
-6.79077
5.34371
-2.405
11.2103
0.633969
0.31515
-11.1457
7.8952
1.54216
-2.26838
-1.49514
-0.575876
6.51193
-4.97419
6.35819
9.48398
-9.78197
-3.99633
-6.22417
-11.4417
7.60117
5.07399
-5.87451
-0.724111
11.5673
3.79858
8.63915
5.35692
6.37822
-3.19789
3.91792
-7.21667
-7.61696
1.71373
5.5789
6.86735
-0.569825
-2.49708
5.59139
-1.44977
-11.1788
9.57553
5.82234
7.61792
1.06665
10.7641
9.16245
6.23197
3.64764
-3.48078
-1.89654
-1.9618
-1.17735
-7.08854
-4.76237
-4.07486
-1.71102
1.53045
-1.25072
5.40687
0.290508
10.2852
4.9465
6.18356
-1.9678
0.845075
1.36026
-1.84515
2.3272
-1.05083
1.09448
-0.255002
6.25474
-2.5998
3.314
0.531826
0.705734
8.88697
3.59998
16.2927
9.16098
-4.57855
5.9247
9.57637
-4.34127
0.0717194
-0.450308
6.17982
7.04621
0.230188
13.1019
4.43419
-11.7952
-1.34058
1.91068
-1.39471
3.26285
-10.0872
10.8162
-0.628648
1.72334
8.90959
1.94415
-0.597778
3.4255
-7.56516
10.0191
-4.9881
5.54239
7.85817
0.929776
-2.08417
-1.33186
-3.7964
-2.13787
-6.40666
2.75895
3.64469
6.33413
0.217779
-3.87244
4.69744
-5.41192
4.18759
-1.62217
-0.529421
7.737
-5.29809
-5.57811
-4.94471
2.58001
6.96743
5.30041
12.22
13.1226
-4.11509
-0.816248
-4.76342
-9.13263
6.75185
-4.73776
-1.14614
2.84803
-5.21861
2.31524
2.68302
0.717187
7.29956
-5.3446
0.818866
10.3414
1.41671
17.6584
-1.37614
-0.254885
-7.15206
12.1772
5.45581
11.673
-0.325398
0.702029
-2.98103
-3.95631
-3.57902
1.60158
2.27372
-8.9389
5.07012
-4.57319
0.338696
4.72993
-1.80333
-0.585022
6.86084
2.55342
2.80275
-0.505566
-2.72991
-10.6835
-1.03197
-0.26603
4.47798
9.53147
12.528
-1.64129
15.5025
1.72956
3.73445
-6.39033
-2.08583
8.14661
-0.100785
7.94503
-4.36889
-5.84371
-2.89529
9.32558
-1.32858
2.43784
-1.49472
-1.77909
-1.53182
-1.99831
-5.87102
-3.07355
-6.3325
8.24712
0.0957692
-4.64994
7.57779
-0.983163
-4.67361
6.51012
-8.49961
-1.79051
-2.77218
5.39494
10.9779
4.60057
-2.39671
2.51138
0.0268308
-0.038487
-0.189417
1.81174
-0.261888
1.23698
1.04364
-2.46451
-5.1071
-15.1983
4.76951
-0.97065
5.55652
10.005
-7.73759
9.49544
-0.522795
-6.02956
-7.04584
2.53532
7.54265
5.7587
5.62318
-3.13893
1.74542
3.81962
4.69909
-1.12131
12.4222
-0.140999
-4.45596
8.14947
-3.09233
-0.553433
5.32183
0.55732
3.62817
-12.2211
8.82082
1.03495
2.73008
1.44107
-4.20895
-1.12862
6.74432
-1.96263
3.69478
9.1554
5.11875
10.2459
3.62986
-3.36048
3.84097
-7.65616
11.8808
0.437894
-12.2731
-6.05304
-3.45341
-4.22344
2.48833
0.0710057
11.6599
2.91963
-10.9756
-5.80521
4.08498
-0.409119
-7.1341
10.8048
-4.49498
-0.525953
-7.03987
-0.12642
2.65214
1.90096
-10.5559
-7.05657
1.78808
-1.94149
5.23688
12.8228
-2.03032
-4.06827
7.07613
-3.4788
0.483039
-5.11233
-3.19661
-2.25566
7.47644
-10.8699
5.35145
-0.973923
1.89279
6.51866
-1.66221
-2.50719
8.39917
-3.88368
-12.064
6.02371
-4.32903
0.27752
1.1709
3.00609
2.86385
-5.07028
8.35132
7.8175
-12.6016
-11.6237
4.47035
-1.28482
8.82588
-5.82454
0.676671
7.48626
1.25289
-2.52675
-0.0335701
3.57074
4.20814
3.00038
4.111
5.83838
-0.751263
6.57982
-2.27914
-3.72646
-0.838765
-3.88398
4.89415
-8.37702
1.81652
-2.84618
3.63751
-9.66308
-0.948538
0.650406
4.38216
-0.0202134
-5.87564
6.67839
-14.9344
-1.47143
-3.36995
12.666
1.4802
8.85932
5.79933
-1.38007
3.60537
3.99993
4.14497
1.62601
11.6993
0.72514
-8.10597
0.00929896
-3.92329
-3.3381
-1.7187
3.04198
-1.55282
1.10392
0.287933
-2.74672
6.20639
-2.26722
5.12925
2.48405
-0.546489
0.197552
-5.72
-2.20823
7.09864
-1.69489
-5.42099
7.36789
2.65176
3.59015
14.7218
-1.13341
1.04002
-5.70837
-7.46357
-6.45736
-2.30866
5.76163
-2.38828
-6.17695
-1.29927
-3.72864
4.68926
-0.891802
7.21369
1.77154
1.19688
1.94562
-5.68897
-2.04623
1.73671
4.55835
-6.34823
-2.00577
-0.804084
2.84263
-6.81902
5.15448
-10.0728
-4.71316
-0.348634
-3.03453
-2.55448
3.80235
-2.43368
10.5041
3.30134
5.79185
-3.61714
-0.356446
-6.3704
-0.515751
-6.82491
-0.799856
5.41875
3.83985
3.71926
1.28143
16.2208
5.78527
-2.95983
4.96825
3.59266
0.343427
-8.17831
-10.4176
4.12261
2.40537
-2.40851
1.59139
-5.90971
-7.42383
6.44773
-4.76892
3.73092
-3.1703
8.37729
4.96855
-3.01951
-0.828362
-1.18467
-0.281072
5.07909
4.45758
-3.76273
-2.12024
6.26836
-2.01039
2.82334
0.681979
5.03714
5.56537
5.25853
5.73036
2.42827
2.02601
-0.671744
9.6529
2.31248
-0.559462
11.9833
-3.02281
-2.97336
3.61199
-0.682531
-2.11085
-2.09719
9.93919
6.38093
0.752608
0.328131
6.22724
8.96301
-0.274035
5.03717
1.63936
4.52483
9.88883
-0.325849
1.03199
11.0335
-3.15366
-7.78625
2.09135
-2.63776
3.22979
12.1022
-4.69641
6.51131
4.43083
-1.18693
6.96134
-2.77322
-7.49728
-0.688299
-5.64579
0.933678
2.37513
-2.27916
-1.45672
2.24092
-1.43005
2.75227
3.75252
1.14458
-2.12812
6.26461
-2.96596
5.73142
-1.80417
2.20653
-0.810568
3.91825
-0.308462
-1.68157
-0.533973
6.26092
9.92047
4.36239
10.8087
0.909368
8.95078
-1.77183
5.39946
-0.330662
-0.479906
0.415238
-4.09175
-0.914019
-4.06471
-4.31878
-3.66562
-4.03961
-1.39075
-1.04124
0.572789
1.5982
-9.88216
-6.83958
9.92786
-6.61443
7.59483
-6.04056
-0.591548
4.26144
0.211323
8.22118
-1.42881
4.3749
-3.59031
8.19969
-9.01987
3.69241
10.4567
-1.48564
1.52045
3.05035
6.86185
0.12677
-5.5552
-7.44431
2.12966
-1.74039
-4.24461
10.2075
-4.22774
4.71335
-5.64197
1.19254
1.31653
1.06565
5.5331
-5.04563
