0.22785
1.50660
1.32295
1.37312
0.76834
2.10169
1.67965
1.06209
1.01428
1.59015
1.30060
0.89860
1.64125
0.66140
0.95459
0.87690
0.41442
2.04269
0.47165
0.23778
0.62343
0.49261
0.32190
-0.60605
1.03472
1.47340
0.45378
1.20666
1.14957
0.61347
0.48582
0.65897
1.55949
0.34876
1.33670
1.95957
0.87700
0.96804
1.58027
0.31351
1.17035
0.93645
1.48206
0.79511
0.83577
2.47382
1.29434
1.76817
1.53919
1.32627
0.63664
0.88716
2.12075
1.32423
0.94137
0.79493
1.61359
0.55668
0.02812
0.92780
1.45441
0.09918
-0.80654
0.11320
0.68762
0.65718
1.20049
0.75547
0.46704
0.21839
0.98664
1.12304
1.39849
1.15533
0.98944
0.81207
2.42760
0.61823
0.36078
-0.56918
-0.77545
0.00707
2.52457
1.67233
0.62176
0.66462
1.27727
0.48025
0.50599
0.45110
0.47709
1.50049
2.15092
1.65088
0.36375
0.96132
1.14506
1.31058
0.96500
1.87767
3.02596
1.69807
1.63356
0.88213
0.95741
1.94739
1.25830
1.24125
0.71273
0.61308
0.56596
0.38320
0.58481
0.12353
0.34261
0.32583
0.99228
1.68841
1.40919
2.12436
0.64004
0.61625
0.65124
2.12575
1.74671
1.83248
1.45453
1.27543
1.34922
1.76936
0.79873
2.39237
1.36920
1.38893
0.86906
0.82359
1.59505
2.24660
1.91266
0.58127
0.42680
0.70383
0.63483
0.52947
0.52867
-0.13607
0.33172
0.32585
0.04559
1.31758
0.92580
-0.02262
1.18632
1.86949
1.77263
1.69620
1.82143
1.66735
1.66475
0.76074
0.01826
0.40540
1.55104
1.16281
0.56072
0.07464
0.47391
0.49119
0.27712
0.86678
1.24838
0.54085
0.66538
0.29664
1.27690
1.15924
1.00496
0.92662
0.90304
0.90568
1.33343
1.45344
1.71814
0.63411
1.38115
0.31068
0.77088
0.12627
0.72141
0.95446
1.91721
0.91312
0.15516
0.57376
1.24703
1.31256
1.16624
0.81296
0.07565
0.76774
-0.13165
-0.42268
1.24373
1.45046
1.21006
1.73110
2.56693
2.36952
0.21159
-0.08638
1.17389
2.67216
0.63212
0.28719
0.50082
0.60290
0.07310
0.72886
-0.09158
0.58654
0.25125
0.97906
1.96828
0.90985
1.12184
1.18787
1.20524
0.68776
1.67699
1.87834
-0.11997
0.04506
1.66471
1.53145
0.88566
0.37915
1.67485
1.31050
1.52610
1.21622
1.74289
0.53119
0.82111
1.22906
2.39142
2.15246
2.08511
2.81591
2.02094
1.07311
1.18493
0.69269
1.54334
1.94199
1.66568
1.43532
1.11882
1.70056
1.38517
2.33025
1.70512
2.56959
1.79703
1.69762
2.36963
1.84942
0.63653
-0.01571
0.56153
0.98234
0.86501
1.23844
0.48603
0.02604
0.57476
1.18506
0.28055
0.12460
2.26095
3.19040
2.14441
1.18118
0.81101
0.43919
1.82192
1.48015
1.84883
0.95903
0.15997
0.68790
-0.23313
1.20088
0.08129
0.87132
0.54365
1.06572
2.10587
1.84739
0.86052
1.01675
1.19616
2.28459
1.75279
1.71801
1.65212
0.92819
0.93916
1.03931
-0.00554
1.54059
1.26789
0.90189
0.96257
0.24629
0.64634
0.73290
0.49774
1.45928
1.23267
0.97493
2.04553
2.18072
2.15670
1.82463
1.04354
1.68047
1.53336
0.52696
-0.70695
-0.79454
0.39013
1.61304
1.02260
0.88826
0.77009
1.65548
0.45205
0.89776
1.65986
1.49649
1.33954
0.82494
1.65723
1.33616
2.40070
2.04206
2.16771
1.42123
0.41406
0.44813
0.93430
0.26628
-0.08210
0.01654
0.69906
-0.20332
0.27386
0.54033
0.71534
0.27602
0.72528
2.33445
2.52641
1.08386
1.89860
1.20017
1.13395
1.05352
1.10086
-0.14381
0.59705
1.30713
2.01373
0.97706
1.31018
0.52981
1.59144
0.40215
0.95429
0.19363
0.34785
1.46222
-0.26251
-0.14517
0.21925
1.54029
1.84780
1.31972
1.41544
1.34837
1.93474
2.33811
1.76759
1.72488
1.87552
1.10545
0.77537
0.66371
1.55338
0.70823
0.16387
1.82305
2.48175
2.63241
2.99051
2.13425
1.28020
1.57609
1.03303
1.85399
1.80376
1.71369
1.50547
1.56832
0.54313
1.22617
2.30912
0.36818
0.42959
2.00388
1.33793
1.56990
-0.00983
1.10495
0.84424
0.68709
1.03284
1.42543
1.85505
1.22347
1.16761
1.07109
2.22840
1.65798
2.39063
1.26243
1.37399
1.58060
0.07836
0.23630
0.50289
0.80882
1.50515
2.20101
2.14809
1.45284
1.60317
1.35101
0.93881
0.43714
0.34299
0.42577
0.03540
1.62824
1.47064
0.98786
1.07776
3.02777
2.18434
1.02753
0.76422
-0.01081
0.48684
0.70622
1.67336
1.48256
1.59173
2.38349
1.08537
1.13774
-0.20662
1.36435
0.42411
0.04246
0.65954
1.57090
1.31712
0.94602
1.06898
0.91778
1.14212
0.61312
-0.65886
0.01484
-0.06703
0.97811
1.12063
0.51196
0.17542
0.58444
1.46713
0.75330
0.35137
0.44114
0.31356
1.14654
1.92779
2.05502
0.77566
1.51213
1.05891
0.34501
1.22251
2.01073
1.49624
1.25508
2.95895
2.13825
1.49679
1.48179
1.41192
0.39085
-0.21557
0.26559
-0.13188
0.22333
0.28727
0.36623
1.09816
0.46252
1.07735
0.73562
-0.20066
0.27753
0.33516
0.71142
1.32919
0.75519
1.20741
0.42495
0.43936
-0.21932
0.31956
-0.09959
0.91357
0.91520
1.01683
0.14549
1.49659
1.07087
1.05289
0.29238
0.43855
0.13475
0.63333
1.42307
-0.22656
-0.05156
0.41759
1.06002
0.46504
0.65006
1.42676
0.03072
0.41869
0.36816
-0.26115
-0.07437
-0.05497
0.32382
2.54377
1.16681
-0.07543
0.30251
0.84280
0.23387
1.80090
0.65851
0.86210
-0.26338
-0.13166
0.41036
0.86115
1.18561
1.97039
1.97267
1.92489
1.90888
2.51807
1.37205
1.59920
0.28696
0.49656
0.62147
1.41194
1.80504
1.36038
1.00359
0.59780
1.69655
1.92522
1.19369
0.45852
-0.65104
0.81281
0.07565
0.44186
0.84591
-0.06703
0.34232
1.10042
1.30849
0.65310
1.00464
0.51056
-0.19112
1.04213
0.93549
2.12591
1.98183
0.36559
0.07833
-0.22452
0.50825
1.01603
0.96183
1.60274
1.95280
2.20998
0.53234
0.65456
2.08596
1.70404
1.82206
2.03795
2.80224
1.81229
2.14697
1.35884
1.76267
0.92456
2.71130
2.56813
2.00045
1.21936
1.88835
1.21772
0.13166
0.73342
1.21783
0.54923
0.24732
0.57577
0.19482
0.63356
-0.16253
0.50327
1.16948
-0.21103
-0.12430
0.65021
0.17284
-0.55562
0.75919
0.61770
1.24359
1.45101
1.60912
1.24220
0.69313
-0.52075
0.74875
1.06605
0.48115
0.67775
0.93400
1.91541
1.24878
1.14580
0.86494
1.42809
-0.05048
0.76024
0.33103
0.69559
-0.24138
0.32554
2.07898
0.95077
1.64352
1.31890
0.67458
0.37956
-0.16788
1.18387
2.05125
2.28759
1.26244
1.29755
2.25336
1.90049
2.02215
1.83339
1.44729
1.38006
1.75876
2.08851
1.20138
0.15764
0.16537
1.29017
0.89051
2.21883
1.14566
-0.11686
1.26504
0.78972
1.05314
0.42777
1.65943
3.02743
2.08840
1.09553
1.08122
1.35068
2.15600
0.57460
0.74294
1.96318
1.58479
0.81554
0.93649
1.25475
1.49996
2.12452
1.21171
-0.10706
0.82326
0.37890
0.36391
0.18566
0.53254
2.26919
1.61295
0.37115
0.14282
1.48964
0.17398
0.52251
0.99463
-0.00799
1.47692
1.28434
0.40221
0.80542
1.96075
2.27452
0.97097
1.70594
1.45067
0.59390
0.93023
1.79128
1.65244
1.26173
0.77349
1.10289
-0.22927
0.89202
1.27470
0.46677
1.47916
0.25999
1.02599
0.80165
-0.69432
0.90287
-0.00590
1.00215
1.27803
0.30956
0.19567
1.31155
1.94365
1.92757
2.22408
2.09852
1.22597
1.19108
1.86192
1.49404
0.90437
-0.37549
0.70924
2.51613
2.20546
2.23294
0.63821
0.68576
0.16952
0.24737
0.11251
0.12091
1.40359
-0.21671
0.92351
0.49303
1.59111
1.95265
0.93934
1.17759
1.01359
1.78418
1.59081
1.76292
0.50725
0.33865
0.71379
-0.24871
0.85810
1.45960
1.64468
2.88145
1.88377
2.28287
1.59029
1.65410
1.13654
1.36129
1.12448
1.04895
1.40726
1.17810
0.30228
-0.72483
-0.07204
1.32830
1.45994
1.83760
1.53711
0.93542
0.57827
1.14287
1.67860
1.29172
1.07884
1.52543
1.24555
0.44651
1.22981
2.95150
2.27570
1.15555
0.66387
0.57764
1.07861
1.39418
1.21820
0.17065
0.38618
1.62805
1.33023
2.41203
1.76415
0.80966
0.87212
0.84812
2.09208
1.80384
1.77849
1.04717
-0.41194
0.01767
1.09199
0.60192
1.51274
1.52390
-0.15856
0.76492
1.82974
1.82731
1.50439
3.28586
2.53616
0.90369
1.23311
1.85709
1.91803
0.68334
1.27918
1.39549
1.29508
1.91894
1.42719
1.38376
1.32630
1.44840
0.63499
1.49116
0.83651
2.10058
1.74743
0.70814
0.44532
1.29786
1.01874
1.73502
1.14478
1.12077
1.03315
1.35409
0.77046
1.05927
1.62014
1.02146
0.45361
1.58936
1.60223
0.46474
0.63177
1.04487
1.68735
2.25990
0.91825
1.43588
-0.11232
-0.17923
0.71466
1.01521
1.36843
1.58127
1.50897
3.15892
2.25538
0.51348
1.10525
0.94333
0.46935
0.51900
0.86335
0.54591
2.00660
1.76700
1.29900
1.06858
0.29266
0.23274
1.35427
2.37217
2.16946
1.04581
1.14878
2.46995
2.20276
1.55443
1.41856
1.33288
0.68816
1.49827
1.69313
0.76385
1.38762
0.40058
0.27201
2.06096
2.37698
1.54719
1.27207
2.64906
2.28255
0.99624
1.26045
1.63472
1.65671
1.45582
1.96124
1.76547
1.80226
0.92498
1.26398
1.36716
1.24258
1.59275
1.66024
2.03280
0.98434
1.02831
-0.05449
0.60618
1.41175
1.85372
2.25719
1.30776
1.07596
1.40600
2.08647
1.62796
1.04587
1.43478
1.87700
1.80333
1.40443
-0.02389
-0.03645
0.47297
1.32445
0.67911
1.31502
1.49826
1.37901
1.34964
1.54638
1.04095
0.51249
1.69588
1.28589
0.15285
0.69090
1.22905
0.25162
0.78504
-0.33768
0.67818
0.73528
1.47541
0.18760
1.23886
0.40785
0.43042
2.16390
2.04653
1.31747
0.89686
1.60664
1.13687
0.34612
-0.35076
0.22052
1.77802
1.14239
1.86058
0.97097
-0.34928
0.10679
0.20413
1.10098
0.97779
1.04309
0.88405
0.05990
0.92428
1.46361
1.85940
1.49075
2.03320
1.33253
-0.32391
0.61498
0.16697
0.56051
1.73568
1.57160
2.40529
1.93800
2.37848
1.37954
0.98992
0.49602
1.34868
1.03320
1.93091
0.71819
-0.16947
0.13107
-0.65504
-0.15091
-0.30899
0.15912
0.12293
0.07401
0.52319
1.18598
2.40281
2.63228
1.73601
0.51839
1.78177
0.67284
0.55709
2.47427
2.02604
1.00245
0.68765
1.60456
1.25266
1.00008
1.08219
0.84592
2.17747
1.30907
0.96988
1.98266
1.65509
2.12819
0.65965
0.69629
1.15847
0.69170
0.98441
-0.22561
0.82202
0.56469
0.89969
1.25401
0.99383
0.77482
0.17924
0.96412
0.62442
1.72792
0.12417
0.15223
-0.71915
-0.39927
0.42299
0.78300
0.73715
0.80268
-0.16033
-0.13872
0.58125
1.40219
1.56134
1.22592
1.41414
1.61606
0.99323
1.23962
0.95674
1.30980
1.05053
1.08533
0.27154
0.61194
1.33678
0.94936
0.72881
0.85126
-0.89251
0.68526
-0.22757
0.49069
0.93121
0.72811
2.93561
1.68267
2.44024
0.18138
0.43703
1.04303
0.89207
1.04889
1.50326
1.58876
1.15747
1.02797
0.46922
